1.0761194029850747 27.56756756756757
1.1522388059701492 30.810810810810814
1.2283582089552239 27.56756756756757
1.3044776119402985 32.432432432432435
1.3805970149253732 34.054054054054056
1.4567164179104477 35.67567567567568
1.5328358208955224 34.054054054054056
1.608955223880597 37.2972972972973
1.6850746268656716 38.91891891891892
1.7611940298507462 40.54054054054054
1.837313432835821 42.16216216216216
1.9134328358208954 43.78378378378379
1.98955223880597 45.40540540540541
2.065671641791045 47.02702702702703
2.1417910447761193 48.64864864864865
2.217910447761194 50.270270270270274
2.2940298507462686 51.891891891891895
2.370149253731343 53.513513513513516
2.446268656716418 56.75675675675676
2.5223880597014925 58.37837837837838
2.598507462686567 60.0
2.674626865671642 61.62162162162163
2.7507462686567163 63.24324324324325
2.826865671641791 64.86486486486487
2.9029850746268657 66.48648648648648
2.97910447761194 68.10810810810811
3.0552238805970147 61.62162162162163
3.1313432835820896 63.24324324324325
3.207462686567164 56.75675675675676
3.2835820895522385 60.0
3.3597014925373134 53.513513513513516
3.435820895522388 55.13513513513514
3.5119402985074624 50.270270270270274
3.5880597014925373 51.891891891891895
3.6641791044776117 45.40540540540541
3.740298507462686 48.64864864864865
3.816417910447761 42.16216216216216
3.8925373134328356 43.78378378378379
3.96865671641791 38.91891891891892
4.044776119402985 40.54054054054054
4.120895522388059 35.67567567567568
4.197014925373134 37.2972972972973
4.273134328358209 32.432432432432435
4.349253731343284 34.054054054054056
4.425373134328358 29.18918918918919
4.501492537313433 30.810810810810814
4.577611940298507 25.945945945945947
4.653731343283582 27.56756756756757
4.7298507462686565 22.702702702702705
4.8059701492537314 24.324324324324326
4.882089552238806 19.45945945945946
4.95820895522388 21.08108108108108
5.034328358208955 19.45945945945946
5.110447761194029 22.702702702702705
5.186567164179104 21.08108108108108
5.262686567164179 22.702702702702705
5.338805970149253 24.324324324324326
5.414925373134328 22.702702702702705
5.491044776119403 24.324324324324326
5.567164179104477 25.945945945945947
5.643283582089552 24.324324324324326
5.719402985074627 27.56756756756757
5.795522388059701 24.324324324324326
5.871641791044776 27.56756756756757
5.947761194029851 29.18918918918919
6.023880597014925 25.945945945945947
6.1 29.18918918918919
6.176119402985075 27.56756756756757
6.252238805970149 29.18918918918919
6.3283582089552235 30.810810810810814
6.404477611940298 27.56756756756757
6.480597014925372 30.810810810810814
6.556716417910447 29.18918918918919
6.632835820895522 32.432432432432435
6.708955223880596 29.18918918918919
6.785074626865671 32.432432432432435
6.861194029850746 30.810810810810814
6.93731343283582 32.432432432432435
7.013432835820895 30.810810810810814
7.08955223880597 32.432432432432435
7.165671641791044 30.810810810810814
7.241791044776119 32.432432432432435
7.317910447761194 29.18918918918919
7.394029850746268 32.432432432432435
7.470149253731343 29.18918918918919
7.546268656716418 32.432432432432435
7.622388059701492 29.18918918918919
7.698507462686567 30.810810810810814
7.7746268656716415 29.18918918918919
7.8507462686567155 30.810810810810814
7.9268656716417905 27.56756756756757
8.002985074626865 30.810810810810814
8.079104477611939 27.56756756756757
8.155223880597013 30.810810810810814
8.231343283582088 27.56756756756757
8.307462686567163 30.810810810810814
8.383582089552238 27.56756756756757
8.459701492537313 29.18918918918919
8.535820895522388 27.56756756756757
8.611940298507463 29.18918918918919
8.688059701492538 27.56756756756757
8.764179104477613 29.18918918918919
8.840298507462686 27.56756756756757
8.91641791044776 29.18918918918919
8.992537313432836 25.945945945945947
9.06865671641791 29.18918918918919
9.144776119402984 25.945945945945947
9.220895522388059 27.56756756756757
9.297014925373134 24.324324324324326
9.373134328358208 25.945945945945947
9.449253731343283 24.324324324324326
9.525373134328358 25.945945945945947
9.601492537313431 22.702702702702705
9.677611940298506 24.324324324324326
9.753731343283581 21.08108108108108
9.829850746268656 24.324324324324326
9.905970149253731 21.08108108108108
9.982089552238806 22.702702702702705
10.05820895522388 19.45945945945946
10.134328358208954 21.08108108108108
10.210447761194029 16.216216216216218
10.286567164179104 19.45945945945946
10.362686567164179 14.594594594594595
10.438805970149254 16.216216216216218
10.514925373134327 12.972972972972974
10.591044776119402 14.594594594594595
10.667164179104477 9.72972972972973
10.743283582089552 12.972972972972974
10.819402985074626 8.108108108108109
10.895522388059701 9.72972972972973
10.971641791044776 6.486486486486487
11.04776119402985 9.72972972972973
11.123880597014924 6.486486486486487
11.2 9.72972972972973
11.276119402985074 6.486486486486487
11.35223880597015 9.72972972972973
11.428358208955224 6.486486486486487
11.504477611940297 9.72972972972973
11.580597014925372 6.486486486486487
11.656716417910447 9.72972972972973
11.732835820895522 6.486486486486487
11.808955223880597 9.72972972972973
11.885074626865672 6.486486486486487
11.961194029850745 9.72972972972973
12.03731343283582 6.486486486486487
12.113432835820895 9.72972972972973
12.18955223880597 6.486486486486487
12.265671641791045 9.72972972972973
12.34179104477612 6.486486486486487
12.417910447761193 9.72972972972973
12.494029850746267 8.108108108108109
12.570149253731342 9.72972972972973
12.646268656716417 8.108108108108109
12.722388059701492 9.72972972972973
12.798507462686567 11.351351351351353
12.87462686567164 8.108108108108109
12.950746268656715 11.351351351351353
13.02686567164179 8.108108108108109
13.102985074626865 9.72972972972973
13.17910447761194 8.108108108108109
13.255223880597015 9.72972972972973
13.331343283582088 6.486486486486487
13.407462686567163 8.108108108108109
13.483582089552238 6.486486486486487
13.559701492537313 8.108108108108109
13.635820895522388 4.864864864864865
13.711940298507463 8.108108108108109
13.788059701492536 4.864864864864865
13.86417910447761 6.486486486486487
13.940298507462686 3.2432432432432434
14.01641791044776 6.486486486486487
14.092537313432835 8.108108108108109
14.16865671641791 6.486486486486487
14.244776119402983 9.72972972972973
14.320895522388058 8.108108108108109
14.397014925373133 11.351351351351353
14.473134328358208 9.72972972972973
14.549253731343283 12.972972972972974
14.625373134328358 11.351351351351353
14.701492537313431 14.594594594594595
14.777611940298506 12.972972972972974
14.853731343283581 16.216216216216218
14.929850746268656 14.594594594594595
15.00597014925373 16.216216216216218
15.082089552238806 14.594594594594595
15.158208955223879 16.216216216216218
15.234328358208954 14.594594594594595
15.310447761194029 16.216216216216218
15.386567164179104 14.594594594594595
15.462686567164178 16.216216216216218
15.538805970149253 14.594594594594595
15.614925373134326 16.216216216216218
15.691044776119401 14.594594594594595
15.767164179104476 16.216216216216218
15.843283582089551 12.972972972972974
15.919402985074626 17.83783783783784
15.995522388059701 21.08108108108108
16.071641791044776 24.324324324324326
16.147761194029847 29.18918918918919
16.223880597014926 32.432432432432435
16.299999999999997 35.67567567567568
16.376119402985076 40.54054054054054
16.452238805970147 43.78378378378379
16.528358208955225 48.64864864864865
16.604477611940297 51.891891891891895
16.68059701492537 55.13513513513514
16.756716417910447 60.0
16.83283582089552 63.24324324324325
16.908955223880596 68.10810810810811
16.98507462686567 76.21621621621622
17.061194029850746 82.70270270270271
17.13731343283582 89.1891891891892
17.213432835820896 95.67567567567568
17.289552238805967 102.16216216216216
17.365671641791042 110.27027027027027
17.441791044776117 116.75675675675676
17.517910447761192 123.24324324324326
17.594029850746267 129.72972972972974
17.670149253731342 136.21621621621622
17.746268656716417 142.7027027027027
17.822388059701492 150.8108108108108
17.898507462686567 162.16216216216216
17.97462686567164 180.0
18.050746268656717 197.83783783783784
18.12686567164179 217.29729729729732
18.202985074626863 235.13513513513516
18.279104477611938 252.972972972973
18.355223880597013 270.81081081081084
18.431343283582088 288.64864864864865
18.507462686567163 306.4864864864865
18.583582089552237 1402.7027027027027
18.659701492537312 1404.3243243243244
18.735820895522387 317.83783783783787
18.811940298507462 379.4594594594595
18.888059701492537 397.2972972972973
18.964179104477612 416.7567567567568
19.040298507462687 436.21621621621625
19.11641791044776 454.05405405405406
19.192537313432833 473.51351351351354
19.268656716417908 492.972972972973
19.344776119402983 512.4324324324325
19.420895522388058 530.2702702702703
19.497014925373133 549.7297297297298
19.573134328358208 569.1891891891892
19.649253731343283 587.0270270270271
19.725373134328358 606.4864864864866
19.801492537313433 625.9459459459459
19.877611940298507 640.5405405405406
19.953731343283582 603.2432432432432
20.029850746268654 640.5405405405406
20.10597014925373 551.3513513513514
20.182089552238804 593.5135135135135
20.25820895522388 494.59459459459464
20.334328358208953 535.1351351351352
20.41044776119403 436.21621621621625
20.486567164179103 476.7567567567568
20.562686567164178 377.83783783783787
20.638805970149253 420.0
20.714925373134328 319.4594594594595
20.791044776119403 361.6216216216216
20.867164179104478 262.7027027027027
20.943283582089553 303.2432432432433
21.019402985074624 257.83783783783787
21.0955223880597 261.0810810810811
21.171641791044774 254.5945945945946
21.24776119402985 257.83783783783787
21.323880597014924 251.35135135135135
21.4 254.5945945945946
21.476119402985073 248.10810810810813
21.55223880597015 251.35135135135135
21.628358208955223 244.86486486486487
21.7044776119403 248.10810810810813
21.780597014925373 241.62162162162164
21.856716417910448 244.86486486486487
21.93283582089552 231.8918918918919
22.008955223880594 241.62162162162164
22.08507462686567 207.56756756756758
22.161194029850744 223.7837837837838
22.23731343283582 184.86486486486487
22.313432835820894 201.0810810810811
22.38955223880597 160.54054054054055
22.465671641791044 176.75675675675677
22.54179104477612 137.83783783783784
22.617910447761194 154.05405405405406
22.69402985074627 113.51351351351352
22.770149253731343 129.72972972972974
22.846268656716415 90.81081081081082
22.92238805970149 107.02702702702703
22.998507462686565 87.56756756756758
23.07462686567164 100.54054054054055
23.150746268656714 105.40540540540542
23.22686567164179 110.27027027027027
23.302985074626864 115.13513513513514
23.37910447761194 120.0
23.455223880597014 124.86486486486487
23.53134328358209 129.72972972972974
23.607462686567164 134.5945945945946
23.68358208955224 141.0810810810811
23.75970149253731 145.94594594594597
23.835820895522385 150.8108108108108
23.91194029850746 155.67567567567568
23.988059701492535 157.29729729729732
24.06417910447761 139.45945945945948
24.140298507462685 145.94594594594597
24.21641791044776 128.10810810810813
24.292537313432835 134.5945945945946
24.36865671641791 115.13513513513514
24.444776119402984 123.24324324324326
24.52089552238806 103.78378378378379
24.597014925373134 111.8918918918919
24.673134328358206 92.43243243243244
24.74925373134328 98.91891891891892
24.825373134328355 79.45945945945947
24.90149253731343 87.56756756756758
24.977611940298505 72.97297297297298
25.05373134328358 74.5945945945946
25.129850746268655 66.48648648648648
25.20597014925373 69.72972972972974
25.282089552238805 61.62162162162163
25.35820895522388 64.86486486486487
25.434328358208955 55.13513513513514
25.51044776119403 58.37837837837838
25.586567164179105 48.64864864864865
25.662686567164176 53.513513513513516
25.73880597014925 43.78378378378379
25.814925373134326 47.02702702702703
25.8910447761194 37.2972972972973
25.967164179104476 42.16216216216216
26.04328358208955 35.67567567567568
26.119402985074625 37.2972972972973
26.1955223880597 34.054054054054056
26.271641791044775 35.67567567567568
26.34776119402985 30.810810810810814
26.423880597014925 34.054054054054056
26.5 29.18918918918919
26.57611940298507 30.810810810810814
26.652238805970146 27.56756756756757
26.72835820895522 29.18918918918919
26.804477611940296 25.945945945945947
26.88059701492537 27.56756756756757
26.956716417910446 22.702702702702705
27.03283582089552 25.945945945945947
27.108955223880596 22.702702702702705
27.18507462686567 25.945945945945947
27.261194029850746 22.702702702702705
27.33731343283582 25.945945945945947
27.413432835820895 22.702702702702705
27.489552238805967 25.945945945945947
27.56567164179104 22.702702702702705
27.641791044776117 24.324324324324326
27.71791044776119 22.702702702702705
27.794029850746266 24.324324324324326
27.87014925373134 22.702702702702705
27.946268656716416 24.324324324324326
28.02238805970149 21.08108108108108
28.098507462686566 22.702702702702705
28.17462686567164 19.45945945945946
28.250746268656716 21.08108108108108
28.32686567164179 17.83783783783784
28.402985074626862 19.45945945945946
28.479104477611937 14.594594594594595
28.555223880597012 16.216216216216218
28.631343283582087 12.972972972972974
28.707462686567162 14.594594594594595
28.783582089552237 9.72972972972973
28.85970149253731 12.972972972972974
28.935820895522387 8.108108108108109
29.01194029850746 11.351351351351353
29.088059701492536 12.972972972972974
29.16417910447761 9.72972972972973
29.240298507462686 14.594594594594595
29.316417910447758 12.972972972972974
29.392537313432832 16.216216216216218
29.468656716417907 17.83783783783784
29.544776119402982 14.594594594594595
29.620895522388057 19.45945945945946
29.697014925373132 17.83783783783784
29.773134328358207 21.08108108108108
29.849253731343282 19.45945945945946
29.925373134328357 22.702702702702705
30.001492537313432 24.324324324324326
30.077611940298507 25.945945945945947
30.15373134328358 27.56756756756757
30.229850746268653 24.324324324324326
30.305970149253728 29.18918918918919
30.382089552238803 30.810810810810814
30.458208955223878 32.432432432432435
30.534328358208953 34.054054054054056
30.610447761194028 30.810810810810814
30.686567164179102 35.67567567567568
30.762686567164177 37.2972972972973
30.838805970149252 38.91891891891892
30.914925373134327 35.67567567567568
30.991044776119402 40.54054054054054
31.067164179104477 35.67567567567568
31.143283582089552 37.2972972972973
31.219402985074623 32.432432432432435
31.295522388059698 34.054054054054056
31.371641791044773 29.18918918918919
31.447761194029848 30.810810810810814
31.523880597014923 25.945945945945947
31.599999999999998 27.56756756756757
31.676119402985073 22.702702702702705
31.752238805970148 24.324324324324326
31.828358208955223 19.45945945945946
31.904477611940298 22.702702702702705
31.980597014925372 29.18918918918919
32.05671641791045 38.91891891891892
32.13283582089552 47.02702702702703
32.208955223880594 56.75675675675676
32.285074626865665 64.86486486486487
32.36119402985074 74.5945945945946
32.43731343283582 82.70270270270271
32.51343283582089 92.43243243243244
32.589552238805965 100.54054054054055
32.66567164179104 110.27027027027027
32.74179104477612 118.37837837837839
32.81791044776119 128.10810810810813
32.894029850746264 137.83783783783784
32.97014925373134 147.56756756756758
33.046268656716414 157.29729729729732
33.12238805970149 168.64864864864865
33.198507462686564 178.3783783783784
33.27462686567164 188.10810810810813
33.350746268656714 199.45945945945948
33.42686567164179 209.1891891891892
33.502985074626864 218.91891891891893
33.579104477611935 230.2702702702703
33.65522388059701 240.0
33.731343283582085 249.72972972972974
33.80746268656716 261.0810810810811
33.883582089552235 270.81081081081084
33.95970149253731 274.05405405405406
34.035820895522384 262.7027027027027
34.11194029850746 269.1891891891892
34.188059701492534 259.4594594594595
34.26417910447761 262.7027027027027
34.340298507462684 252.972972972973
34.416417910447755 256.21621621621625
34.492537313432834 248.10810810810813
34.568656716417905 251.35135135135135
34.644776119402984 241.62162162162164
34.720895522388055 244.86486486486487
34.797014925373134 236.75675675675677
34.873134328358205 240.0
34.94925373134328 228.64864864864867
35.025373134328355 233.51351351351352
35.10149253731343 217.29729729729732
35.177611940298505 223.7837837837838
35.25373134328358 205.94594594594597
35.329850746268654 214.05405405405406
35.405970149253726 196.21621621621622
35.482089552238804 202.7027027027027
35.558208955223876 184.86486486486487
35.634328358208954 191.35135135135135
35.710447761194025 173.51351351351352
35.786567164179104 180.0
35.862686567164175 162.16216216216216
35.938805970149254 171.8918918918919
36.014925373134325 178.3783783783784
36.0910447761194 188.10810810810813
36.167164179104475 197.83783783783784
36.24328358208955 207.56756756756758
36.319402985074625 217.29729729729732
36.395522388059696 227.02702702702703
36.471641791044775 236.75675675675677
36.547761194029846 246.4864864864865
36.623880597014924 257.83783783783787
36.699999999999996 267.5675675675676
36.776119402985074 277.2972972972973
36.852238805970146 287.02702702702703
36.928358208955224 290.27027027027026
37.004477611940295 272.43243243243245
37.080597014925374 288.64864864864865
37.156716417910445 248.10810810810813
37.23283582089552 264.3243243243243
37.308955223880595 223.7837837837838
37.385074626865666 240.0
37.461194029850745 199.45945945945948
37.537313432835816 215.67567567567568
37.613432835820895 175.13513513513516
37.689552238805966 191.35135135135135
37.765671641791045 150.8108108108108
37.841791044776116 167.02702702702703
37.917910447761194 129.72972972972974
37.994029850746266 142.7027027027027
38.070149253731344 131.35135135135135
38.146268656716416 132.97297297297297
38.22238805970149 134.5945945945946
38.298507462686565 132.97297297297297
38.37462686567164 134.5945945945946
38.450746268656715 136.21621621621622
38.52686567164179 132.97297297297297
38.602985074626865 136.21621621621622
38.679104477611936 137.83783783783784
38.755223880597015 134.5945945945946
38.831343283582086 137.83783783783784
38.907462686567165 139.45945945945948
38.983582089552236 147.56756756756758
39.05970149253731 155.67567567567568
39.135820895522386 162.16216216216216
39.21194029850746 170.2702702702703
39.288059701492536 176.75675675675677
39.36417910447761 184.86486486486487
39.440298507462686 191.35135135135135
39.51641791044776 199.45945945945948
39.592537313432835 207.56756756756758
39.66865671641791 214.05405405405406
39.744776119402985 222.16216216216216
39.82089552238806 228.64864864864867
39.897014925373135 238.3783783783784
39.973134328358206 249.72972972972974
40.04925373134328 261.0810810810811
40.125373134328356 272.43243243243245
40.20149253731343 283.7837837837838
40.277611940298506 295.13513513513516
40.35373134328358 306.4864864864865
40.429850746268656 317.83783783783787
40.50597014925373 329.1891891891892
40.582089552238806 340.5405405405406
40.65820895522388 351.89189189189193
40.734328358208955 363.2432432432433
40.81044776119403 374.59459459459464
40.886567164179105 384.3243243243243
40.96268656716418 360.0
41.03880597014925 384.3243243243243
41.11492537313433 311.35135135135135
41.1910447761194 345.4054054054054
41.267164179104476 261.0810810810811
41.34328358208955 296.7567567567568
41.419402985074626 210.81081081081084
41.4955223880597 246.4864864864865
41.571641791044776 162.16216216216216
41.64776119402985 196.21621621621622
41.723880597014926 111.8918918918919
41.8 147.56756756756758
41.87611940298507 61.62162162162163
41.95223880597015 97.2972972972973
42.02835820895522 56.75675675675676
42.1044776119403 58.37837837837838
42.18059701492537 55.13513513513514
42.25671641791045 56.75675675675676
42.33283582089552 51.891891891891895
42.4089552238806 55.13513513513514
42.48507462686567 50.270270270270274
42.561194029850746 51.891891891891895
42.63731343283582 48.64864864864865
42.713432835820896 50.270270270270274
42.78955223880597 47.02702702702703
42.86567164179104 48.64864864864865
42.94179104477612 43.78378378378379
43.01791044776119 50.270270270270274
43.09402985074627 51.891891891891895
43.17014925373134 55.13513513513514
43.24626865671642 58.37837837837838
43.32238805970149 61.62162162162163
43.39850746268657 63.24324324324325
43.47462686567164 66.48648648648648
43.55074626865672 69.72972972972974
43.62686567164179 71.35135135135135
43.70298507462686 74.5945945945946
43.77910447761194 77.83783783783784
43.85522388059701 81.08108108108108
43.93134328358209 82.70270270270271
44.00746268656716 77.83783783783784
44.08358208955224 81.08108108108108
44.15970149253731 76.21621621621622
44.23582089552239 77.83783783783784
44.31194029850746 72.97297297297298
44.38805970149254 74.5945945945946
44.46417910447761 69.72972972972974
44.54029850746269 71.35135135135135
44.61641791044776 66.48648648648648
44.69253731343283 68.10810810810811
44.76865671641791 63.24324324324325
44.84477611940298 64.86486486486487
44.92089552238806 60.0
44.99701492537313 66.48648648648648
45.07313432835821 71.35135135135135
45.14925373134328 76.21621621621622
45.22537313432836 81.08108108108108
45.30149253731343 85.94594594594595
45.37761194029851 90.81081081081082
45.45373134328358 95.67567567567568
45.52985074626866 100.54054054054055
45.60597014925373 105.40540540540542
45.6820895522388 110.27027027027027
45.75820895522388 115.13513513513514
45.83432835820895 120.0
45.91044776119403 123.24324324324326
45.9865671641791 131.35135135135135
46.06268656716418 137.83783783783784
46.13880597014925 142.7027027027027
46.21492537313433 149.1891891891892
46.2910447761194 155.67567567567568
46.36716417910448 162.16216216216216
46.44328358208955 167.02702702702703
46.51940298507462 173.51351351351352
46.5955223880597 180.0
46.67164179104477 186.48648648648648
46.74776119402985 192.972972972973
46.82388059701492 197.83783783783784
46.9 202.7027027027027
46.97611940298507 192.972972972973
47.05223880597015 202.7027027027027
47.12835820895522 181.62162162162164
47.2044776119403 191.35135135135135
47.28059701492537 167.02702702702703
47.35671641791045 176.75675675675677
47.43283582089552 152.43243243243245
47.50895522388059 162.16216216216216
47.58507462686567 137.83783783783784
47.66119402985074 147.56756756756758
47.73731343283582 123.24324324324326
47.81343283582089 132.97297297297297
47.88955223880597 108.64864864864866
47.96567164179104 118.37837837837839
48.04179104477612 97.2972972972973
48.11791044776119 103.78378378378379
48.19402985074627 85.94594594594595
48.27014925373134 92.43243243243244
48.34626865671641 74.5945945945946
48.42238805970149 81.08108108108108
48.49850746268656 63.24324324324325
48.57462686567164 69.72972972972974
48.65074626865671 51.891891891891895
48.72686567164179 58.37837837837838
48.80298507462686 40.54054054054054
48.87910447761194 47.02702702702703
48.95522388059701 32.432432432432435
49.03134328358209 37.2972972972973
49.10746268656716 34.054054054054056
49.18358208955224 35.67567567567568
49.25970149253731 34.054054054054056
49.33582089552238 37.2972972972973
49.41194029850746 34.054054054054056
49.48805970149253 37.2972972972973
49.56417910447761 35.67567567567568
49.64029850746268 37.2972972972973
49.71641791044776 38.91891891891892
49.79253731343283 35.67567567567568
49.86865671641791 38.91891891891892
49.94477611940298 37.2972972972973
50.02089552238806 40.54054054054054
50.09701492537313 37.2972972972973
50.17313432835821 42.16216216216216
50.24925373134328 38.91891891891892
50.32537313432835 43.78378378378379
50.40149253731343 42.16216216216216
50.4776119402985 45.40540540540541
50.55373134328358 47.02702702702703
50.62985074626865 43.78378378378379
50.70597014925373 48.64864864864865
50.7820895522388 47.02702702702703
50.85820895522388 50.270270270270274
50.93432835820895 48.64864864864865
51.01044776119403 51.891891891891895
51.0865671641791 48.64864864864865
51.16268656716417 51.891891891891895
51.23880597014925 50.270270270270274
51.31492537313432 51.891891891891895
51.3910447761194 50.270270270270274
51.46716417910447 51.891891891891895
51.54328358208955 53.513513513513516
51.61940298507462 50.270270270270274
51.6955223880597 53.513513513513516
51.77164179104477 51.891891891891895
51.84776119402985 53.513513513513516
51.92388059701492 51.891891891891895
64.40746268656716 82.70270270270271
64.48358208955224 77.83783783783784
64.5597014925373 79.45945945945947
64.63582089552239 74.5945945945946
64.71194029850746 76.21621621621622
64.78805970149253 71.35135135135135
64.86417910447761 72.97297297297298
64.94029850746269 68.10810810810811
65.01641791044776 69.72972972972974
65.09253731343283 64.86486486486487
65.1686567164179 68.10810810810811
65.24477611940299 61.62162162162163
65.32089552238806 71.35135135135135
65.39701492537313 76.21621621621622
65.4731343283582 81.08108108108108
65.54925373134328 85.94594594594595
65.62537313432836 89.1891891891892
65.70149253731343 94.05405405405406
65.7776119402985 98.91891891891892
65.85373134328358 103.78378378378379
65.92985074626866 108.64864864864866
66.00597014925373 113.51351351351352
66.0820895522388 118.37837837837839
66.15820895522387 123.24324324324326
66.23432835820896 128.10810810810813
66.31044776119403 120.0
66.3865671641791 124.86486486486487
66.46268656716417 118.37837837837839
66.53880597014926 121.62162162162163
66.61492537313433 115.13513513513514
66.6910447761194 118.37837837837839
66.76716417910447 111.8918918918919
66.84328358208955 113.51351351351352
66.91940298507463 108.64864864864866
66.9955223880597 110.27027027027027
67.07164179104477 105.40540540540542
67.14776119402984 107.02702702702703
67.22388059701493 100.54054054054055
67.3 105.40540540540542
67.37611940298507 107.02702702702703
67.45223880597014 108.64864864864866
67.52835820895523 110.27027027027027
67.6044776119403 113.51351351351352
67.68059701492537 115.13513513513514
67.75671641791044 116.75675675675676
67.83283582089551 118.37837837837839
67.9089552238806 121.62162162162163
67.98507462686567 123.24324324324326
68.06119402985074 124.86486486486487
68.13731343283581 126.4864864864865
68.2134328358209 128.10810810810813
68.28955223880597 131.35135135135135
68.36567164179104 111.8918918918919
68.44179104477611 121.62162162162163
68.5179104477612 98.91891891891892
68.59402985074627 107.02702702702703
68.67014925373134 84.32432432432432
68.74626865671641 94.05405405405406
68.82238805970148 69.72972972972974
68.89850746268657 79.45945945945947
68.97462686567164 55.13513513513514
69.05074626865671 64.86486486486487
69.12686567164178 42.16216216216216
69.20298507462687 50.270270270270274
69.27910447761194 34.054054054054056
69.35522388059701 40.54054054054054
69.43134328358208 37.2972972972973
69.50746268656717 42.16216216216216
69.58358208955224 43.78378378378379
69.65970149253731 45.40540540540541
69.73582089552238 47.02702702702703
69.81194029850745 48.64864864864865
69.88805970149254 50.270270270270274
69.96417910447761 51.891891891891895
70.04029850746268 53.513513513513516
70.11641791044775 56.75675675675676
70.19253731343284 58.37837837837838
70.26865671641791 60.0
70.34477611940298 50.270270270270274
70.42089552238805 55.13513513513514
70.49701492537314 43.78378378378379
70.57313432835821 48.64864864864865
70.64925373134328 37.2972972972973
70.72537313432835 42.16216216216216
70.80149253731342 30.810810810810814
70.87761194029851 34.054054054054056
70.95373134328358 24.324324324324326
71.02985074626865 27.56756756756757
71.10597014925372 16.216216216216218
71.1820895522388 21.08108108108108
71.25820895522388 11.351351351351353
71.33432835820895 14.594594594594595
71.41044776119402 12.972972972972974
71.4865671641791 16.216216216216218
71.56268656716418 14.594594594594595
71.63880597014925 17.83783783783784
71.71492537313432 16.216216216216218
71.79104477611939 19.45945945945946
71.86716417910448 17.83783783783784
71.94328358208955 21.08108108108108
72.01940298507462 19.45945945945946
72.09552238805969 22.702702702702705
72.17164179104478 21.08108108108108
72.24776119402985 24.324324324324326
72.32388059701492 21.08108108108108
72.39999999999999 24.324324324324326
72.47611940298506 21.08108108108108
72.55223880597015 24.324324324324326
72.62835820895522 21.08108108108108
72.70447761194029 24.324324324324326
72.78059701492536 21.08108108108108
72.85671641791045 24.324324324324326
72.93283582089552 21.08108108108108
73.00895522388059 24.324324324324326
73.08507462686566 21.08108108108108
73.16119402985075 22.702702702702705
73.23731343283582 21.08108108108108
73.31343283582089 22.702702702702705
73.38955223880596 19.45945945945946
73.46567164179103 21.08108108108108
73.54179104477612 16.216216216216218
73.61791044776119 17.83783783783784
73.69402985074626 12.972972972972974
73.77014925373133 16.216216216216218
73.84626865671642 11.351351351351353
73.92238805970149 12.972972972972974
73.99850746268656 8.108108108108109
74.07462686567163 9.72972972972973
74.15074626865672 6.486486486486487
74.22686567164179 8.108108108108109
74.30298507462686 3.2432432432432434
74.37910447761193 6.486486486486487
74.455223880597 3.2432432432432434
74.53134328358209 6.486486486486487
74.60746268656716 3.2432432432432434
74.68358208955223 6.486486486486487
74.7597014925373 3.2432432432432434
74.83582089552239 6.486486486486487
74.91194029850746 3.2432432432432434
74.98805970149253 6.486486486486487
75.0641791044776 3.2432432432432434
75.14029850746269 6.486486486486487
75.21641791044776 3.2432432432432434
75.29253731343283 6.486486486486487
75.3686567164179 3.2432432432432434
75.44477611940297 6.486486486486487
75.52089552238806 3.2432432432432434
75.59701492537313 6.486486486486487
75.6731343283582 3.2432432432432434
75.74925373134327 4.864864864864865
75.82537313432836 3.2432432432432434
75.90149253731343 4.864864864864865
75.9776119402985 3.2432432432432434
76.05373134328357 4.864864864864865
76.12985074626866 3.2432432432432434
76.20597014925373 4.864864864864865
76.2820895522388 1.6216216216216217
76.35820895522387 4.864864864864865
76.43432835820894 1.6216216216216217
76.51044776119403 4.864864864864865
76.5865671641791 1.6216216216216217
76.66268656716417 4.864864864864865
76.73880597014924 1.6216216216216217
76.81492537313433 4.864864864864865
76.8910447761194 1.6216216216216217
76.96716417910447 3.2432432432432434
77.04328358208954 1.6216216216216217
77.11940298507461 3.2432432432432434
77.1955223880597 1.6216216216216217
77.27164179104477 4.864864864864865
77.34776119402984 1.6216216216216217
77.42388059701491 6.486486486486487
77.5 8.108108108108109
77.57611940298507 9.72972972972973
77.65223880597014 11.351351351351353
77.72835820895521 8.108108108108109
77.8044776119403 12.972972972972974
77.88059701492537 14.594594594594595
77.95671641791044 16.216216216216218
78.03283582089551 17.83783783783784
78.10895522388059 14.594594594594595
78.18507462686567 19.45945945945946
78.26119402985074 21.08108108108108
78.33731343283581 17.83783783783784
78.41343283582088 21.08108108108108
78.48955223880597 17.83783783783784
78.56567164179104 21.08108108108108
78.64179104477611 17.83783783783784
78.71791044776118 21.08108108108108
78.79402985074627 17.83783783783784
78.87014925373134 21.08108108108108
78.94626865671641 17.83783783783784
79.02238805970148 21.08108108108108
79.09850746268656 17.83783783783784
79.17462686567164 21.08108108108108
79.25074626865671 22.702702702702705
79.32686567164178 29.18918918918919
79.40298507462686 35.67567567567568
79.47910447761194 42.16216216216216
79.55522388059701 48.64864864864865
79.63134328358208 55.13513513513514
79.70746268656715 61.62162162162163
79.78358208955224 66.48648648648648
79.85970149253731 72.97297297297298
79.93582089552238 79.45945945945947
80.01194029850745 85.94594594594595
80.08805970149253 92.43243243243244
80.16417910447761 98.91891891891892
80.24029850746268 108.64864864864866
80.31641791044775 121.62162162162163
80.39253731343283 134.5945945945946
80.46865671641791 147.56756756756758
80.54477611940298 158.91891891891893
80.62089552238805 171.8918918918919
80.69701492537313 184.86486486486487
80.77313432835821 197.83783783783784
80.84925373134328 210.81081081081084
80.92537313432835 222.16216216216216
81.00149253731342 235.13513513513516
81.0776119402985 248.10810810810813
81.15373134328358 261.0810810810811
81.22985074626865 277.2972972972973
81.30597014925372 300.0
81.3820895522388 321.0810810810811
81.45820895522388 343.7837837837838
81.53432835820895 364.8648648648649
81.61044776119402 387.5675675675676
81.6865671641791 408.64864864864865
81.76268656716417 431.35135135135135
81.83880597014925 452.43243243243245
81.91492537313432 475.13513513513516
81.9910447761194 496.21621621621625
82.06716417910447 518.918918918919
82.14328358208955 540.0
82.21940298507462 556.2162162162163
82.2955223880597 515.6756756756757
82.37164179104477 556.2162162162163
82.44776119402985 465.4054054054054
82.52388059701492 505.945945945946
82.6 410.2702702702703
82.67611940298507 449.1891891891892
82.75223880597014 353.51351351351354
82.82835820895522 394.05405405405406
82.9044776119403 298.3783783783784
82.98059701492537 338.91891891891896
83.05671641791044 243.24324324324326
83.13283582089552 282.1621621621622
83.2089552238806 189.72972972972974
83.28507462686566 227.02702702702703
83.36119402985074 184.86486486486487
83.43731343283582 188.10810810810813
83.5134328358209 178.3783783783784
83.58955223880596 181.62162162162164
83.66567164179104 173.51351351351352
83.74179104477611 176.75675675675677
83.8179104477612 167.02702702702703
83.89402985074626 170.2702702702703
83.97014925373134 160.54054054054055
84.0462686567164 163.7837837837838
84.12238805970149 155.67567567567568
84.19850746268656 158.91891891891893
84.27462686567164 149.1891891891892
84.3507462686567 163.7837837837838
84.42686567164179 170.2702702702703
84.50298507462686 176.75675675675677
84.57910447761193 183.24324324324326
84.655223880597 191.35135135135135
84.73134328358208 197.83783783783784
84.80746268656716 204.32432432432432
84.88358208955223 210.81081081081084
84.9597014925373 217.29729729729732
85.03582089552238 223.7837837837838
85.11194029850746 230.2702702702703
85.18805970149253 236.75675675675677
85.2641791044776 222.16216216216216
85.34029850746268 236.75675675675677
85.41641791044776 192.972972972973
85.49253731343283 215.67567567567568
85.5686567164179 162.16216216216216
85.64477611940298 184.86486486486487
85.72089552238805 129.72972972972974
85.79701492537313 152.43243243243245
85.8731343283582 98.91891891891892
85.94925373134328 121.62162162162163
86.02537313432835 66.48648648648648
86.10149253731343 89.1891891891892
86.1776119402985 35.67567567567568
86.25373134328358 58.37837837837838
86.32985074626865 29.18918918918919
86.40597014925372 35.67567567567568
86.4820895522388 37.2972972972973
86.55820895522388 38.91891891891892
86.63432835820895 40.54054054054054
86.71044776119402 42.16216216216216
86.7865671641791 43.78378378378379
86.86268656716418 45.40540540540541
86.93880597014925 47.02702702702703
87.01492537313432 48.64864864864865
87.0910447761194 50.270270270270274
87.16716417910447 51.891891891891895
87.24328358208955 53.513513513513516
87.31940298507462 50.270270270270274
87.39552238805969 53.513513513513516
87.47164179104477 48.64864864864865
87.54776119402985 51.891891891891895
87.62388059701492 47.02702702702703
87.69999999999999 48.64864864864865
87.77611940298507 45.40540540540541
87.85223880597015 47.02702702702703
87.92835820895522 43.78378378378379
88.00447761194029 45.40540540540541
88.08059701492537 42.16216216216216
88.15671641791045 43.78378378378379
88.23283582089552 40.54054054054054
88.30895522388059 42.16216216216216
88.38507462686566 38.91891891891892
88.46119402985074 40.54054054054054
88.53731343283582 35.67567567567568
88.61343283582089 38.91891891891892
88.68955223880596 34.054054054054056
88.76567164179104 35.67567567567568
88.84179104477612 30.810810810810814
88.91791044776119 34.054054054054056
88.99402985074626 29.18918918918919
89.07014925373134 30.810810810810814
89.14626865671642 27.56756756756757
89.22238805970149 29.18918918918919
89.29850746268656 32.432432432432435
89.37462686567163 38.91891891891892
89.45074626865672 45.40540540540541
89.52686567164179 51.891891891891895
89.60298507462686 58.37837837837838
89.67910447761193 63.24324324324325
89.75522388059701 69.72972972972974
89.83134328358209 76.21621621621622
89.90746268656716 82.70270270270271
89.98358208955223 87.56756756756758
90.05970149253731 94.05405405405406
90.13582089552239 100.54054054054055
90.21194029850746 107.02702702702703
90.28805970149253 110.27027027027027
90.3641791044776 100.54054054054055
90.44029850746269 103.78378378378379
90.51641791044776 92.43243243243244
90.59253731343283 97.2972972972973
90.6686567164179 85.94594594594595
90.74477611940299 90.81081081081082
90.82089552238806 79.45945945945947
90.89701492537313 84.32432432432432
90.9731343283582 72.97297297297298
91.04925373134327 77.83783783783784
91.12537313432836 66.48648648648648
91.20149253731343 69.72972972972974
91.2776119402985 60.0
91.35373134328357 63.24324324324325
91.42985074626866 53.513513513513516
91.50597014925373 58.37837837837838
91.5820895522388 48.64864864864865
91.65820895522387 51.891891891891895
91.73432835820896 43.78378378378379
91.81044776119403 47.02702702702703
91.8865671641791 37.2972972972973
91.96268656716417 40.54054054054054
92.03880597014924 32.432432432432435
92.11492537313433 35.67567567567568
92.1910447761194 25.945945945945947
92.26716417910447 30.810810810810814
92.34328358208954 24.324324324324326
92.41940298507463 32.432432432432435
92.4955223880597 35.67567567567568
92.57164179104477 38.91891891891892
92.64776119402984 40.54054054054054
92.72388059701493 43.78378378378379
92.8 45.40540540540541
92.87611940298507 48.64864864864865
92.95223880597014 51.891891891891895
93.02835820895521 53.513513513513516
93.1044776119403 56.75675675675676
93.18059701492537 60.0
93.25671641791044 61.62162162162163
93.33283582089551 56.75675675675676
93.4089552238806 60.0
93.48507462686567 53.513513513513516
93.56119402985074 56.75675675675676
93.63731343283581 48.64864864864865
93.7134328358209 51.891891891891895
93.78955223880597 45.40540540540541
93.86567164179104 47.02702702702703
93.94179104477611 40.54054054054054
94.01791044776118 43.78378378378379
94.09402985074627 37.2972972972973
94.17014925373134 38.91891891891892
94.24626865671641 32.432432432432435
94.32238805970148 38.91891891891892
94.39850746268657 42.16216216216216
94.47462686567164 45.40540540540541
94.55074626865671 48.64864864864865
94.62686567164178 51.891891891891895
94.70298507462687 55.13513513513514
94.77910447761194 58.37837837837838
94.85522388059701 61.62162162162163
94.93134328358208 64.86486486486487
95.00746268656715 68.10810810810811
95.08358208955224 71.35135135135135
95.15970149253731 74.5945945945946
95.23582089552238 77.83783783783784
95.31194029850745 81.08108108108108
95.38805970149254 84.32432432432432
95.46417910447761 85.94594594594595
95.54029850746268 89.1891891891892
95.61641791044775 92.43243243243244
95.69253731343282 95.67567567567568
95.76865671641791 98.91891891891892
95.84477611940298 102.16216216216216
95.92089552238805 105.40540540540542
95.99701492537312 107.02702702702703
96.07313432835821 110.27027027027027
96.14925373134328 113.51351351351352
96.22537313432835 116.75675675675676
96.30149253731342 121.62162162162163
96.37761194029851 124.86486486486487
96.45373134328358 129.72972972972974
96.52985074626865 132.97297297297297
96.60597014925372 137.83783783783784
96.68208955223879 141.0810810810811
96.75820895522388 145.94594594594597
96.83432835820895 149.1891891891892
96.91044776119402 154.05405405405406
96.98656716417909 158.91891891891893
97.06268656716418 162.16216216216216
97.13880597014925 167.02702702702703
97.21492537313432 170.2702702702703
97.29104477611939 176.75675675675677
97.36716417910448 181.62162162162164
97.44328358208955 186.48648648648648
97.51940298507462 191.35135135135135
97.59552238805969 197.83783783783784
97.67164179104476 202.7027027027027
97.74776119402985 207.56756756756758
97.82388059701492 212.43243243243245
97.89999999999999 218.91891891891893
97.97611940298506 223.7837837837838
98.05223880597015 228.64864864864867
98.12835820895522 233.51351351351352
98.20447761194029 240.0
98.28059701492536 267.5675675675676
98.35671641791045 296.7567567567568
98.43283582089552 325.94594594594594
98.50895522388059 355.13513513513516
98.58507462686566 384.3243243243243
98.66119402985073 413.51351351351354
98.73731343283582 442.7027027027027
98.81343283582089 471.89189189189193
98.88955223880596 501.0810810810811
98.96567164179103 531.8918918918919
99.04179104477612 561.0810810810812
99.11791044776119 590.2702702702703
99.19402985074626 619.4594594594595
99.27014925373133 624.3243243243244
99.34626865671642 564.3243243243244
99.42238805970149 614.5945945945946
99.49850746268656 492.972972972973
99.57462686567163 543.2432432432432
99.6507462686567 423.2432432432433
99.72686567164179 473.51351351351354
99.80298507462686 351.89189189189193
99.87910447761193 402.1621621621622
99.955223880597 280.5405405405406
100.03134328358209 332.43243243243245
100.10746268656716 210.81081081081084
100.18358208955223 261.0810810810811
100.2597014925373 163.7837837837838
100.33582089552237 191.35135135135135
100.41194029850746 163.7837837837838
100.48805970149253 180.0
100.5641791044776 186.48648648648648
100.64029850746267 191.35135135135135
100.71641791044776 196.21621621621622
100.79253731343283 201.0810810810811
100.8686567164179 207.56756756756758
100.94477611940297 212.43243243243245
101.02089552238806 217.29729729729732
101.09701492537313 222.16216216216216
101.1731343283582 227.02702702702703
101.24925373134327 246.4864864864865
101.32537313432834 277.2972972972973
101.40149253731343 308.1081081081081
101.4776119402985 338.91891891891896
101.55373134328357 371.35135135135135
101.62985074626864 402.1621621621622
101.70597014925373 432.972972972973
101.7820895522388 465.4054054054054
101.85820895522387 496.21621621621625
101.93432835820894 527.0270270270271
102.01044776119403 557.8378378378379
102.0865671641791 590.2702702702703
102.16268656716417 621.0810810810812
102.23880597014924 640.5405405405406
102.31492537313432 596.7567567567568
102.3910447761194 640.5405405405406
102.46716417910447 564.3243243243244
102.54328358208954 598.3783783783784
102.61940298507461 517.2972972972973
102.6955223880597 549.7297297297298
102.77164179104477 470.2702702702703
102.84776119402984 502.7027027027027
102.92388059701491 423.2432432432433
103.0 455.6756756756757
103.07611940298507 376.21621621621625
103.15223880597014 408.64864864864865
103.22835820895521 329.1891891891892
103.30447761194029 361.6216216216216
103.38059701492537 287.02702702702703
103.45671641791044 316.21621621621625
103.53283582089551 246.4864864864865
103.60895522388059 275.6756756756757
103.68507462686567 204.32432432432432
103.76119402985074 233.51351351351352
103.83731343283581 162.16216216216216
103.91343283582088 191.35135135135135
103.98955223880597 120.0
104.06567164179104 150.8108108108108
104.14179104477611 79.45945945945947
104.21791044776118 108.64864864864866
104.29402985074626 60.0
104.37014925373134 82.70270270270271
104.44626865671641 90.81081081081082
104.52238805970148 102.16216216216216
104.59850746268656 113.51351351351352
104.67462686567164 124.86486486486487
104.75074626865671 134.5945945945946
104.82686567164178 145.94594594594597
104.90298507462686 157.29729729729732
104.97910447761193 168.64864864864865
105.05522388059701 178.3783783783784
105.13134328358208 189.72972972972974
105.20746268656715 201.0810810810811
105.28358208955223 205.94594594594597
105.35970149253731 196.21621621621622
105.43582089552238 202.7027027027027
105.51194029850745 196.21621621621622
105.58805970149253 197.83783783783784
105.66417910447761 192.972972972973
105.74029850746268 194.5945945945946
105.81641791044775 189.72972972972974
105.89253731343283 191.35135135135135
105.9686567164179 186.48648648648648
106.04477611940298 188.10810810810813
106.12089552238805 183.24324324324326
106.19701492537313 184.86486486486487
106.2731343283582 178.3783783783784
106.34925373134328 188.10810810810813
106.42537313432835 191.35135135135135
106.50149253731342 196.21621621621622
106.5776119402985 201.0810810810811
106.65373134328358 204.32432432432432
106.72985074626865 209.1891891891892
106.80597014925372 214.05405405405406
106.8820895522388 217.29729729729732
106.95820895522387 222.16216216216216
107.03432835820895 227.02702702702703
107.11044776119402 230.2702702702703
107.1865671641791 235.13513513513516
107.26268656716417 240.0
107.33880597014925 235.13513513513516
107.41492537313432 238.3783783783784
107.4910447761194 235.13513513513516
107.56716417910447 236.75675675675677
107.64328358208955 233.51351351351352
107.71940298507462 235.13513513513516
107.7955223880597 231.8918918918919
107.87164179104477 233.51351351351352
107.94776119402984 230.2702702702703
108.02388059701492 233.51351351351352
108.1 230.2702702702703
108.17611940298507 231.8918918918919
108.25223880597014 228.64864864864867
108.32835820895522 241.62162162162164
108.4044776119403 249.72972972972974
108.48059701492537 257.83783783783787
108.55671641791044 267.5675675675676
108.63283582089552 275.6756756756757
108.7089552238806 283.7837837837838
108.78507462686566 293.51351351351354
108.86119402985074 301.6216216216216
108.93731343283581 311.35135135135135
109.0134328358209 319.4594594594595
109.08955223880596 327.5675675675676
109.16567164179104 337.2972972972973
109.24179104477611 343.7837837837838
109.3179104477612 348.64864864864865
109.39402985074626 353.51351351351354
109.47014925373134 358.3783783783784
109.5462686567164 363.2432432432433
109.62238805970148 369.72972972972974
109.69850746268656 374.59459459459464
109.77462686567164 379.4594594594595
109.8507462686567 384.3243243243243
109.92686567164178 389.1891891891892
110.00298507462686 394.05405405405406
110.07910447761193 398.91891891891896
110.155223880597 403.7837837837838
110.23134328358208 407.02702702702703
110.30746268656716 384.3243243243243
110.38358208955223 407.02702702702703
110.4597014925373 342.1621621621622
110.53582089552238 371.35135135135135
110.61194029850745 301.6216216216216
110.68805970149253 330.81081081081084
110.7641791044776 259.4594594594595
110.84029850746268 288.64864864864865
110.91641791044775 217.29729729729732
110.99253731343283 246.4864864864865
111.0686567164179 175.13513513513516
111.14477611940298 204.32432432432432
111.22089552238805 134.5945945945946
111.29701492537313 163.7837837837838
111.3731343283582 124.86486486486487
111.44925373134328 131.35135135135135
111.52537313432835 116.75675675675676
111.60149253731342 121.62162162162163
111.6776119402985 108.64864864864866
111.75373134328358 113.51351351351352
111.82985074626865 100.54054054054055
111.90597014925372 105.40540540540542
111.9820895522388 90.81081081081082
112.05820895522388 97.2972972972973
112.13432835820895 82.70270270270271
112.21044776119402 87.56756756756758
112.2865671641791 74.5945945945946
112.36268656716418 97.2972972972973
112.43880597014925 108.64864864864866
112.51492537313432 120.0
112.59104477611939 131.35135135135135
112.66716417910447 141.0810810810811
112.74328358208955 152.43243243243245
112.81940298507462 163.7837837837838
112.89552238805969 175.13513513513516
112.97164179104477 186.48648648648648
113.04776119402985 197.83783783783784
113.12388059701492 207.56756756756758
113.19999999999999 218.91891891891893
113.27611940298507 222.16216216216216
113.35223880597015 202.7027027027027
113.42835820895522 218.91891891891893
113.50447761194029 176.75675675675677
113.58059701492536 194.5945945945946
113.65671641791045 152.43243243243245
113.73283582089552 168.64864864864865
113.80895522388059 126.4864864864865
113.88507462686566 144.32432432432432
113.96119402985074 102.16216216216216
114.03731343283582 120.0
114.11343283582089 77.83783783783784
114.18955223880596 94.05405405405406
114.26567164179103 56.75675675675676
114.34179104477612 69.72972972972974
114.41791044776119 60.0
114.49402985074626 64.86486486486487
114.57014925373133 66.48648648648648
114.64626865671642 63.24324324324325
114.72238805970149 68.10810810810811
114.79850746268656 69.72972972972974
114.87462686567163 71.35135135135135
114.95074626865672 72.97297297297298
115.02686567164179 74.5945945945946
115.10298507462686 76.21621621621622
115.17910447761193 77.83783783783784
115.255223880597 74.5945945945946
