1.034045393858478 29.78723404255319
1.0680907877169559 31.20567375886525
1.102136181575434 29.78723404255319
1.136181575433912 31.20567375886525
1.17022696929239 31.914893617021278
1.2042723631508678 30.49645390070922
1.2383177570093458 31.914893617021278
1.2723631508678237 32.6241134751773
1.3064085447263016 31.20567375886525
1.3404539385847798 32.6241134751773
1.3744993324432577 33.333333333333336
1.4085447263017357 31.914893617021278
1.4425901201602136 34.04255319148936
1.4766355140186915 32.6241134751773
1.5106809078771697 34.04255319148936
1.5447263017356474 34.751773049645394
1.5787716955941256 33.333333333333336
1.6128170894526035 34.751773049645394
1.6468624833110814 35.46099290780142
1.6809078771695594 34.04255319148936
1.7149532710280373 35.46099290780142
1.7489986648865155 36.17021276595745
1.7830440587449932 35.46099290780142
1.8170894526034713 36.17021276595745
1.8511348464619493 36.87943262411348
1.8851802403204272 36.17021276595745
1.9192256341789051 37.5886524822695
1.953271028037383 36.17021276595745
1.9873164218958612 38.297872340425535
2.0213618157543394 39.00709219858156
2.055407209612817 39.71631205673759
2.089452603471295 40.42553191489362
2.123497997329773 41.13475177304964
2.157543391188251 41.843971631205676
2.191588785046729 43.262411347517734
2.225634178905207 43.97163120567376
2.2596795727636847 44.68085106382979
2.293724966622163 45.39007092198582
2.327770360480641 46.09929078014184
2.3618157543391187 46.808510638297875
2.3958611481975964 47.5177304964539
2.4299065420560746 48.22695035460993
2.4639519359145527 48.93617021276596
2.497997329773031 49.64539007092199
2.5320427236315086 50.354609929078016
2.5660881174899863 51.06382978723404
2.6001335113484645 52.4822695035461
2.6341789052069426 53.19148936170213
2.668224299065421 53.90070921985816
2.7022696929238985 54.60992907801418
2.7363150867823762 55.319148936170215
2.7703604806408544 56.02836879432624
2.8044058744993325 56.73758865248227
2.8384512683578103 57.4468085106383
2.8724966622162884 58.15602836879433
2.906542056074766 58.86524822695036
2.9405874499332443 59.57446808510638
2.9746328437917224 60.99290780141844
3.0086782376502 58.15602836879433
3.0427236315086783 59.57446808510638
3.076769025367156 56.73758865248227
3.110814419225634 58.15602836879433
3.144859813084112 55.319148936170215
3.17890520694259 56.73758865248227
3.212950600801068 53.90070921985816
3.246995994659546 55.319148936170215
3.281041388518024 52.4822695035461
3.315086782376502 53.90070921985816
3.34913217623498 51.06382978723404
3.3831775700934577 52.4822695035461
3.417222963951936 49.64539007092199
3.451268357810414 51.06382978723404
3.4853137516688917 48.22695035460993
3.51935914552737 49.64539007092199
3.5534045393858475 46.808510638297875
3.5874499332443257 48.22695035460993
3.621495327102804 45.39007092198582
3.6555407209612816 46.808510638297875
3.6895861148197597 43.97163120567376
3.7236315086782374 44.68085106382979
3.7576769025367156 42.5531914893617
3.7917222963951933 43.262411347517734
3.8257676902536715 41.13475177304964
3.8598130841121496 41.843971631205676
3.8938584779706273 39.71631205673759
3.9279038718291055 40.42553191489362
3.961949265687583 38.297872340425535
3.9959946595460614 39.00709219858156
4.030040053404539 37.5886524822695
4.064085447263017 38.297872340425535
4.098130841121495 36.87943262411348
4.132176234979973 38.297872340425535
4.166221628838452 36.87943262411348
4.200267022696929 37.5886524822695
4.234312416555407 36.17021276595745
4.268357810413885 36.87943262411348
4.302403204272363 35.46099290780142
4.336448598130842 36.17021276595745
4.370493991989319 34.751773049645394
4.404539385847797 36.17021276595745
4.438584779706275 34.04255319148936
4.4726301735647525 35.46099290780142
4.5066755674232315 34.04255319148936
4.540720961281709 34.751773049645394
4.574766355140187 33.333333333333336
4.608811748998665 34.04255319148936
4.642857142857142 32.6241134751773
4.6769025367156205 33.333333333333336
4.710947930574099 31.914893617021278
4.744993324432577 33.333333333333336
4.779038718291055 31.20567375886525
4.813084112149532 32.6241134751773
4.84712950600801 31.20567375886525
4.881174899866489 31.914893617021278
4.915220293724966 30.49645390070922
4.949265687583445 31.20567375886525
4.983311081441922 29.78723404255319
5.0173564753004 31.20567375886525
5.0514018691588785 29.78723404255319
5.085447263017357 30.49645390070922
5.119492656875834 29.78723404255319
5.153538050734312 30.49645390070922
5.18758344459279 29.78723404255319
5.221628838451268 30.49645390070922
5.2556742323097465 29.078014184397166
5.289719626168224 30.49645390070922
5.323765020026702 29.078014184397166
5.35781041388518 30.49645390070922
5.391855807743658 29.078014184397166
5.425901201602136 29.78723404255319
5.459946595460614 29.078014184397166
5.493991989319092 29.78723404255319
5.52803738317757 29.078014184397166
5.562082777036048 29.78723404255319
5.596128170894526 28.368794326241137
5.630173564753004 29.78723404255319
5.664218958611482 28.368794326241137
5.69826435246996 29.78723404255319
5.732309746328438 28.368794326241137
5.766355140186915 29.078014184397166
5.8004005340453935 28.368794326241137
5.834445927903872 29.078014184397166
5.86849132176235 28.368794326241137
5.902536715620828 29.078014184397166
5.936582109479305 27.659574468085108
5.970627503337783 29.078014184397166
6.0046728971962615 27.659574468085108
6.03871829105474 29.078014184397166
6.072763684913218 27.659574468085108
6.106809078771695 29.078014184397166
6.140854472630173 27.659574468085108
6.174899866488651 29.078014184397166
6.20894526034713 27.659574468085108
6.242990654205608 29.078014184397166
6.277036048064085 27.659574468085108
6.311081441922563 29.078014184397166
6.345126835781041 27.659574468085108
6.3791722296395195 29.078014184397166
6.413217623497997 28.368794326241137
6.447263017356475 29.078014184397166
6.481308411214953 28.368794326241137
6.515353805073431 29.078014184397166
6.549399198931909 28.368794326241137
6.583444592790387 29.078014184397166
6.617489986648865 28.368794326241137
6.651535380507343 29.078014184397166
6.685580774365821 28.368794326241137
6.719626168224299 29.078014184397166
6.7536715620827765 28.368794326241137
6.787716955941255 29.078014184397166
6.821762349799733 28.368794326241137
6.855807743658211 29.078014184397166
6.889853137516689 28.368794326241137
6.923898531375166 29.078014184397166
6.957943925233645 29.78723404255319
6.991989319092123 28.368794326241137
7.026034712950601 29.078014184397166
7.060080106809078 27.659574468085108
7.094125500667556 29.078014184397166
7.1281708945260345 27.659574468085108
7.162216288384513 28.368794326241137
7.196261682242991 26.95035460992908
7.230307076101468 27.659574468085108
7.264352469959946 26.24113475177305
7.298397863818424 27.659574468085108
7.3324432576769025 26.24113475177305
7.366488651535381 26.95035460992908
7.400534045393858 25.53191489361702
7.434579439252336 26.24113475177305
7.468624833110814 25.53191489361702
7.502670226969292 26.24113475177305
7.536715620827771 24.822695035460995
7.570761014686248 25.53191489361702
7.604806408544726 24.113475177304966
7.638851802403204 25.53191489361702
7.672897196261682 24.113475177304966
7.70694259012016 24.822695035460995
7.740987983978638 23.404255319148938
7.775033377837116 24.113475177304966
7.809078771695594 22.69503546099291
7.843124165554072 24.113475177304966
7.8771695594125495 22.69503546099291
7.911214953271028 23.404255319148938
7.945260347129506 21.98581560283688
7.979305740987984 22.69503546099291
8.013351134846463 21.98581560283688
8.04739652870494 22.69503546099291
8.081441922563418 21.98581560283688
8.115487316421895 22.69503546099291
8.149532710280374 21.98581560283688
8.183578104138851 22.69503546099291
8.21762349799733 21.98581560283688
8.251668891855807 22.69503546099291
8.285714285714285 21.98581560283688
8.319759679572764 22.69503546099291
8.353805073431241 21.98581560283688
8.38785046728972 22.69503546099291
8.421895861148197 21.98581560283688
8.455941255006675 22.69503546099291
8.489986648865154 21.98581560283688
8.524032042723631 22.69503546099291
8.55807743658211 21.98581560283688
8.592122830440587 22.69503546099291
8.626168224299064 21.98581560283688
8.660213618157544 22.69503546099291
8.69425901201602 21.98581560283688
8.7283044058745 22.69503546099291
8.762349799732977 700.0
8.796395193591454 700.7092198581561
8.830440587449932 21.98581560283688
8.86448598130841 22.69503546099291
8.89853137516689 21.27659574468085
8.932576769025367 22.69503546099291
8.966622162883844 21.27659574468085
9.000667556742323 22.69503546099291
9.0347129506008 21.27659574468085
9.06875834445928 21.98581560283688
9.102803738317757 21.27659574468085
9.136849132176234 21.98581560283688
9.170894526034713 20.56737588652482
9.20493991989319 21.27659574468085
9.238985313751668 19.858156028368796
9.273030707610147 21.27659574468085
9.307076101468624 19.858156028368796
9.341121495327103 20.56737588652482
9.37516688918558 19.148936170212767
9.409212283044058 20.56737588652482
9.443257676902537 19.148936170212767
9.477303070761014 19.858156028368796
9.511348464619493 18.43971631205674
9.54539385847797 19.858156028368796
9.579439252336448 18.43971631205674
9.613484646194927 19.148936170212767
9.647530040053404 17.73049645390071
9.681575433911883 19.148936170212767
9.71562082777036 17.73049645390071
9.749666221628837 18.43971631205674
9.783711615487316 17.02127659574468
9.817757009345794 18.43971631205674
9.851802403204273 17.02127659574468
9.88584779706275 17.73049645390071
9.919893190921227 16.31205673758865
9.953938584779706 17.73049645390071
9.987983978638184 16.31205673758865
10.022029372496663 17.02127659574468
10.05607476635514 15.602836879432624
10.090120160213617 16.31205673758865
10.124165554072096 14.893617021276595
10.158210947930574 15.602836879432624
10.192256341789053 14.184397163120568
10.22630173564753 14.893617021276595
10.260347129506007 13.47517730496454
10.294392523364486 14.184397163120568
10.328437917222963 12.76595744680851
10.36248331108144 13.47517730496454
10.39652870493992 12.056737588652483
10.430574098798397 12.76595744680851
10.464619492656876 11.347517730496454
10.498664886515353 12.056737588652483
10.53271028037383 10.638297872340425
10.56675567423231 11.347517730496454
10.600801068090787 9.929078014184398
10.634846461949266 11.347517730496454
10.668891855807743 9.21985815602837
10.70293724966622 10.638297872340425
10.7369826435247 8.51063829787234
10.771028037383177 9.929078014184398
10.805073431241656 8.51063829787234
10.839118825100133 9.21985815602837
10.87316421895861 7.801418439716312
10.90720961281709 8.51063829787234
10.941255006675567 7.092198581560284
10.975300400534046 7.801418439716312
11.009345794392523 6.382978723404255
11.043391188251 7.801418439716312
11.07743658210948 6.382978723404255
11.111481975967957 7.801418439716312
11.145527369826436 6.382978723404255
11.179572763684913 7.801418439716312
11.21361815754339 6.382978723404255
11.24766355140187 7.801418439716312
11.281708945260347 6.382978723404255
11.315754339118826 7.801418439716312
11.349799732977303 6.382978723404255
11.38384512683578 7.801418439716312
11.41789052069426 6.382978723404255
11.451935914552736 7.801418439716312
11.485981308411215 6.382978723404255
11.520026702269693 7.801418439716312
11.55407209612817 6.382978723404255
11.588117489986649 7.801418439716312
11.622162883845126 6.382978723404255
11.656208277703604 7.801418439716312
11.690253671562083 6.382978723404255
11.72429906542056 7.801418439716312
11.758344459279039 6.382978723404255
11.792389853137516 7.801418439716312
11.826435246995993 6.382978723404255
11.860480640854473 7.801418439716312
11.89452603471295 6.382978723404255
11.928571428571429 7.801418439716312
11.962616822429906 6.382978723404255
11.996662216288383 7.801418439716312
12.030707610146862 6.382978723404255
12.06475300400534 7.801418439716312
12.098798397863819 6.382978723404255
12.132843791722296 7.801418439716312
12.166889185580773 6.382978723404255
12.200934579439252 7.801418439716312
12.23497997329773 6.382978723404255
12.269025367156209 7.801418439716312
12.303070761014686 6.382978723404255
12.337116154873163 7.801418439716312
12.371161548731642 6.382978723404255
12.40520694259012 7.801418439716312
12.439252336448599 6.382978723404255
12.473297730307076 7.801418439716312
12.507343124165553 6.382978723404255
12.541388518024032 7.801418439716312
12.57543391188251 6.382978723404255
12.609479305740988 7.801418439716312
12.643524699599466 6.382978723404255
12.677570093457943 7.801418439716312
12.711615487316422 6.382978723404255
12.7456608811749 7.801418439716312
12.779706275033378 6.382978723404255
12.813751668891856 7.801418439716312
12.847797062750333 6.382978723404255
12.881842456608812 7.801418439716312
12.91588785046729 6.382978723404255
12.949933244325766 7.801418439716312
12.983978638184245 6.382978723404255
13.018024032042723 7.801418439716312
13.052069425901202 6.382978723404255
13.086114819759679 7.801418439716312
13.120160213618156 6.382978723404255
13.154205607476635 7.801418439716312
13.188251001335113 6.382978723404255
13.222296395193592 7.092198581560284
13.256341789052069 6.382978723404255
13.290387182910546 7.092198581560284
13.324432576769025 6.382978723404255
13.358477970627503 7.092198581560284
13.392523364485982 5.673758865248227
13.426568758344459 7.092198581560284
13.460614152202936 5.673758865248227
13.494659546061415 7.092198581560284
13.528704939919892 5.673758865248227
13.562750333778371 6.382978723404255
13.596795727636849 5.673758865248227
13.630841121495326 6.382978723404255
13.664886515353805 4.964539007092199
13.698931909212282 6.382978723404255
13.732977303070761 4.964539007092199
13.767022696929239 6.382978723404255
13.801068090787716 4.964539007092199
13.835113484646195 5.673758865248227
13.869158878504672 4.964539007092199
13.903204272363151 5.673758865248227
13.937249666221629 4.25531914893617
13.971295060080106 5.673758865248227
14.005340453938585 4.964539007092199
14.039385847797062 6.382978723404255
14.073431241655541 7.092198581560284
14.107476635514018 5.673758865248227
14.141522029372496 7.801418439716312
14.175567423230975 8.51063829787234
14.209612817089452 7.092198581560284
14.24365821094793 9.21985815602837
14.277703604806408 9.929078014184398
14.311748998664886 8.51063829787234
14.345794392523365 10.638297872340425
14.379839786381842 11.347517730496454
14.41388518024032 9.929078014184398
14.447930574098798 12.056737588652483
14.481975967957275 11.347517730496454
14.516021361815755 12.76595744680851
14.550066755674232 13.47517730496454
14.584112149532709 12.76595744680851
14.618157543391188 14.184397163120568
14.652202937249665 14.893617021276595
14.686248331108144 14.184397163120568
14.720293724966622 15.602836879432624
14.754339118825099 16.31205673758865
14.788384512683578 15.602836879432624
14.822429906542055 17.02127659574468
14.856475300400534 17.73049645390071
14.890520694259012 16.31205673758865
14.924566088117489 18.43971631205674
14.958611481975968 19.148936170212767
14.992656875834445 17.73049645390071
15.026702269692924 19.148936170212767
15.060747663551401 17.73049645390071
15.094793057409879 19.148936170212767
15.128838451268358 17.73049645390071
15.162883845126835 18.43971631205674
15.196929238985314 17.02127659574468
15.230974632843791 18.43971631205674
15.265020026702269 17.02127659574468
15.299065420560748 18.43971631205674
15.333110814419225 17.02127659574468
15.367156208277702 17.73049645390071
15.401201602136181 16.31205673758865
15.435246995994659 17.73049645390071
15.469292389853138 16.31205673758865
15.503337783711615 17.73049645390071
15.537383177570092 16.31205673758865
15.571428571428571 17.02127659574468
15.605473965287048 15.602836879432624
15.639519359145527 17.02127659574468
15.673564753004005 15.602836879432624
15.707610146862482 17.02127659574468
15.741655540720961 15.602836879432624
15.775700934579438 16.31205673758865
15.809746328437917 15.602836879432624
15.843791722296395 16.31205673758865
15.877837116154872 14.893617021276595
15.911882510013351 16.31205673758865
15.945927903871828 14.893617021276595
15.979973297730307 17.02127659574468
16.014018691588785 18.43971631205674
16.048064085447262 20.56737588652482
16.082109479305743 21.98581560283688
16.11615487316422 23.404255319148938
16.150200267022697 25.53191489361702
16.184245660881174 26.95035460992908
16.21829105473965 28.368794326241137
16.25233644859813 30.49645390070922
16.286381842456606 31.914893617021278
16.320427236315087 33.333333333333336
16.354472630173564 35.46099290780142
16.38851802403204 36.87943262411348
16.422563417890522 38.297872340425535
16.456608811749 40.42553191489362
16.490654205607477 41.843971631205676
16.524699599465954 43.97163120567376
16.55874499332443 45.39007092198582
16.59279038718291 46.808510638297875
16.626835781041386 48.93617021276596
16.660881174899863 50.354609929078016
16.694926568758344 51.773049645390074
16.72897196261682 53.90070921985816
16.763017356475302 55.319148936170215
16.79706275033378 56.73758865248227
16.831108144192257 58.86524822695036
16.865153538050734 60.283687943262414
16.89919893190921 61.70212765957447
16.93324432576769 63.829787234042556
16.967289719626166 65.95744680851064
17.001335113484647 68.79432624113475
17.035380507343124 71.63120567375887
17.0694259012016 74.46808510638299
17.10347129506008 77.30496453900709
17.13751668891856 80.1418439716312
17.171562082777037 82.97872340425532
17.205607476635514 85.81560283687944
17.23965287049399 88.65248226950355
17.27369826435247 90.78014184397163
17.307743658210946 93.61702127659575
17.341789052069426 96.45390070921987
17.375834445927904 99.29078014184398
17.40987983978638 102.12765957446808
17.44392523364486 104.9645390070922
17.477970627503336 107.80141843971631
17.512016021361816 110.63829787234043
17.546061415220294 113.47517730496455
17.58010680907877 116.31205673758866
17.614152202937248 119.14893617021276
17.648197596795725 121.27659574468086
17.682242990654206 124.11347517730496
17.716288384512684 126.95035460992908
17.75033377837116 129.7872340425532
17.784379172229638 132.6241134751773
17.818424566088115 135.46099290780143
17.852469959946596 138.29787234042553
17.886515353805073 141.13475177304966
17.92056074766355 143.97163120567376
17.954606141522028 148.22695035460993
17.988651535380505 154.60992907801418
18.022696929238986 160.99290780141845
18.056742323097463 168.08510638297872
18.09078771695594 174.46808510638297
18.124833110814418 180.85106382978725
18.158878504672895 187.2340425531915
18.192923898531376 193.61702127659575
18.226969292389853 200.70921985815605
18.26101468624833 207.0921985815603
18.295060080106808 213.47517730496455
18.329105473965285 219.8581560283688
18.363150867823766 226.24113475177305
18.397196261682243 233.33333333333334
18.43124165554072 239.7163120567376
18.465287049399198 246.09929078014184
18.499332443257675 252.48226950354612
18.533377837116156 258.86524822695037
18.567423230974633 265.95744680851067
18.60146862483311 272.3404255319149
18.635514018691588 278.72340425531917
18.669559412550065 285.1063829787234
18.703604806408546 292.1985815602837
18.737650200267023 298.58156028368796
18.7716955941255 304.9645390070922
18.805740987983977 311.34751773049646
18.839786381842455 317.73049645390074
18.873831775700936 324.11347517730496
18.907877169559413 331.20567375886526
18.94192256341789 337.58865248226954
18.975967957276367 340.4255319148936
19.010013351134845 343.97163120567376
19.044058744993325 347.5177304964539
19.078104138851803 351.06382978723406
19.11214953271028 353.9007092198582
19.146194926568757 357.44680851063833
19.180240320427234 360.9929078014184
19.214285714285715 363.82978723404256
19.248331108144193 367.3758865248227
19.28237650200267 370.92198581560285
19.316421895861147 374.468085106383
19.350467289719624 377.30496453900713
19.384512683578105 380.8510638297872
19.418558077436582 384.39716312056737
19.45260347129506 387.9432624113475
19.486648865153537 390.78014184397165
19.520694259012014 394.3262411347518
19.554739652870495 397.87234042553195
19.588785046728972 400.709219858156
19.62283044058745 404.25531914893617
19.656875834445927 407.8014184397163
19.690921228304404 411.34751773049646
19.72496662216288 414.1843971631206
19.759012016021362 417.73049645390074
19.79305740987984 421.2765957446809
19.827102803738317 424.11347517730496
19.861148197596794 427.6595744680851
19.89519359145527 431.20567375886526
19.929238985313752 434.7517730496454
19.96328437917223 435.4609929078014
19.997329773030707 422.6950354609929
20.031375166889184 435.4609929078014
20.06542056074766 407.0921985815603
20.099465954606142 419.8581560283688
20.13351134846462 390.78014184397165
20.167556742323097 403.54609929078015
20.201602136181574 375.177304964539
20.23564753004005 387.2340425531915
20.269692923898532 358.86524822695037
20.30373831775701 371.63120567375887
20.337783711615486 343.26241134751774
20.371829105473964 355.3191489361702
20.40587449933244 326.9503546099291
20.439919893190922 339.7163120567376
20.4739652870494 311.34751773049646
20.508010680907876 323.40425531914894
20.542056074766354 295.74468085106383
20.57610146862483 307.8014184397163
20.61014686248331 279.4326241134752
20.64419225634179 292.1985815602837
20.678237650200266 263.82978723404256
20.712283044058744 275.88652482269504
20.74632843791722 247.5177304964539
20.7803738317757 260.2836879432624
20.81441922563418 231.91489361702128
20.848464619492656 243.97163120567376
20.882510013351133 215.60283687943263
20.91655540720961 228.36879432624113
20.95060080106809 201.41843971631207
20.98464619492657 212.05673758865248
21.018691588785046 200.70921985815605
21.052736982643523 201.41843971631207
21.086782376502 200.0
21.12082777036048 201.41843971631207
21.15487316421896 199.29078014184398
21.188918558077436 200.70921985815605
21.222963951935913 198.58156028368796
21.25700934579439 200.0
21.29105473965287 197.87234042553192
21.32510013351135 199.29078014184398
21.359145527369826 197.1631205673759
21.393190921228303 198.58156028368796
21.42723631508678 197.1631205673759
21.46128170894526 197.87234042553192
21.49532710280374 196.45390070921985
21.529372496662216 197.1631205673759
21.563417890520693 195.74468085106383
21.59746328437917 196.45390070921985
21.63150867823765 195.03546099290782
21.66555407209613 195.74468085106383
21.699599465954606 194.32624113475177
21.733644859813083 195.03546099290782
21.76769025367156 193.61702127659575
21.80173564753004 195.03546099290782
21.83578104138852 192.90780141843973
21.869826435246996 194.32624113475177
21.903871829105473 192.19858156028369
21.93791722296395 193.61702127659575
21.97196261682243 189.36170212765958
22.006008010680908 192.90780141843973
22.040053404539385 181.56028368794327
22.074098798397863 187.2340425531915
22.10814419225634 173.75886524822695
22.14218958611482 179.43262411347519
22.176234979973298 165.95744680851064
22.210280373831775 170.92198581560285
22.244325767690253 158.15602836879432
22.27837116154873 163.12056737588654
22.312416555407207 150.354609929078
22.346461949265688 155.31914893617022
22.380507343124165 141.84397163120568
22.414552736982643 147.5177304964539
22.44859813084112 134.04255319148936
22.482643524699597 139.7163120567376
22.516688918558078 126.24113475177306
22.550734312416555 131.91489361702128
22.584779706275032 118.43971631205675
22.61882510013351 124.11347517730496
22.652870493991987 110.63829787234043
22.686915887850468 116.31205673758866
22.720961281708945 102.83687943262412
22.755006675567422 108.51063829787235
22.7890520694259 95.0354609929078
22.823097463284377 100.70921985815603
22.857142857142858 87.23404255319149
22.891188251001335 92.90780141843972
22.925233644859812 79.43262411347519
22.95927903871829 85.1063829787234
22.993324432576767 76.59574468085107
23.027369826435248 79.43262411347519
23.061415220293725 80.1418439716312
23.095460614152202 80.85106382978724
23.12950600801068 81.56028368794327
23.163551401869157 82.26950354609929
23.197596795727637 82.97872340425532
23.231642189586115 83.68794326241135
23.265687583444592 84.39716312056738
23.29973297730307 85.81560283687944
23.333778371161547 86.52482269503547
23.367823765020027 87.23404255319149
23.401869158878505 87.94326241134752
23.435914552736982 88.65248226950355
23.46995994659546 89.36170212765958
23.504005340453936 90.0709219858156
23.538050734312417 91.48936170212767
23.572096128170895 92.19858156028369
23.60614152202937 92.90780141843972
23.64018691588785 93.61702127659575
23.674232309746326 94.32624113475178
23.708277703604807 95.0354609929078
23.742323097463284 95.74468085106383
23.77636849132176 97.16312056737588
23.81041388518024 97.87234042553192
23.844459279038716 98.58156028368795
23.878504672897197 99.29078014184398
23.912550066755674 100.0
23.94659546061415 100.70921985815603
23.98064085447263 101.41843971631207
24.014686248331106 97.87234042553192
24.048731642189587 100.0
24.082777036048064 95.0354609929078
24.11682242990654 96.45390070921987
24.15086782376502 91.48936170212767
24.184913217623496 93.61702127659575
24.218958611481977 88.65248226950355
24.253004005340454 90.78014184397163
24.28704939919893 85.1063829787234
24.32109479305741 87.23404255319149
24.355140186915886 82.26950354609929
24.389185580774367 84.39716312056738
24.423230974632844 79.43262411347519
24.45727636849132 80.85106382978724
24.4913217623498 75.88652482269504
24.525367156208276 78.01418439716312
24.559412550066757 73.04964539007092
24.593457943925234 75.177304964539
24.62750333778371 69.50354609929079
24.66154873164219 71.63120567375887
24.695594125500666 66.66666666666667
24.729639519359143 68.79432624113475
24.763684913217624 63.829787234042556
24.7977303070761 65.95744680851064
24.83177570093458 60.283687943262414
24.865821094793056 62.4113475177305
24.899866488651533 57.4468085106383
24.933911882510014 59.57446808510638
24.96795727636849 54.60992907801418
25.002002670226968 56.73758865248227
25.036048064085445 53.19148936170213
25.070093457943923 54.60992907801418
25.104138851802404 52.4822695035461
25.13818424566088 53.19148936170213
25.172229639519358 51.06382978723404
25.206275033377835 51.773049645390074
25.240320427236313 49.64539007092199
25.274365821094793 51.06382978723404
25.30841121495327 48.93617021276596
25.342456608811748 49.64539007092199
25.376502002670225 47.5177304964539
25.410547396528703 48.22695035460993
25.444592790387183 46.09929078014184
25.47863818424566 47.5177304964539
25.512683578104138 44.68085106382979
25.546728971962615 46.09929078014184
25.580774365821092 43.97163120567376
25.614819759679573 44.68085106382979
25.64886515353805 42.5531914893617
25.682910547396528 43.262411347517734
25.716955941255005 41.13475177304964
25.751001335113482 42.5531914893617
25.785046728971963 39.71631205673759
25.81909212283044 41.13475177304964
25.853137516688918 39.00709219858156
25.887182910547395 39.71631205673759
25.921228304405872 37.5886524822695
25.955273698264353 39.00709219858156
25.98931909212283 36.87943262411348
26.023364485981308 37.5886524822695
26.057409879839785 36.87943262411348
26.091455273698262 37.5886524822695
26.125500667556743 36.87943262411348
26.15954606141522 37.5886524822695
26.193591455273697 36.17021276595745
26.227636849132175 37.5886524822695
26.261682242990652 36.17021276595745
26.295727636849133 37.5886524822695
26.32977303070761 36.17021276595745
26.363818424566087 37.5886524822695
26.397863818424565 36.17021276595745
26.431909212283042 37.5886524822695
26.465954606141523 36.17021276595745
26.5 37.5886524822695
26.534045393858477 36.17021276595745
26.568090787716955 37.5886524822695
26.602136181575432 36.17021276595745
26.636181575433913 37.5886524822695
26.67022696929239 36.17021276595745
26.704272363150867 37.5886524822695
26.738317757009344 36.17021276595745
26.77236315086782 37.5886524822695
26.806408544726303 36.17021276595745
26.84045393858478 36.87943262411348
26.874499332443257 36.17021276595745
26.908544726301734 36.87943262411348
26.94259012016021 36.17021276595745
26.976635514018692 36.87943262411348
27.01068090787717 36.17021276595745
27.044726301735647 36.87943262411348
27.078771695594124 35.46099290780142
27.1128170894526 36.87943262411348
27.146862483311082 35.46099290780142
27.18090787716956 36.87943262411348
27.214953271028037 35.46099290780142
27.248998664886514 36.87943262411348
27.28304405874499 35.46099290780142
27.31708945260347 36.17021276595745
27.35113484646195 35.46099290780142
27.385180240320427 36.17021276595745
27.419225634178904 35.46099290780142
27.45327102803738 36.17021276595745
27.48731642189586 34.751773049645394
27.52136181575434 36.17021276595745
27.555407209612817 34.751773049645394
27.589452603471294 36.17021276595745
27.62349799732977 34.751773049645394
27.65754339118825 36.17021276595745
27.69158878504673 34.751773049645394
27.725634178905207 35.46099290780142
27.759679572763684 34.751773049645394
27.79372496662216 35.46099290780142
27.82777036048064 34.751773049645394
27.86181575433912 35.46099290780142
27.895861148197596 34.04255319148936
27.929906542056074 35.46099290780142
27.96395193591455 34.04255319148936
27.99799732977303 35.46099290780142
28.03204272363151 32.6241134751773
28.066088117489986 34.04255319148936
28.100133511348464 31.20567375886525
28.13417890520694 32.6241134751773
28.168224299065418 29.78723404255319
28.2022696929239 31.20567375886525
28.236315086782376 28.368794326241137
28.270360480640853 29.78723404255319
28.30440587449933 26.95035460992908
28.338451268357808 27.659574468085108
28.37249666221629 25.53191489361702
28.406542056074766 26.24113475177305
28.440587449933243 24.113475177304966
28.47463284379172 24.822695035460995
28.508678237650198 22.69503546099291
28.54272363150868 23.404255319148938
28.576769025367156 21.27659574468085
28.610814419225633 21.98581560283688
28.64485981308411 19.148936170212767
28.678905206942588 20.56737588652482
28.71295060080107 17.73049645390071
28.746995994659546 19.148936170212767
28.781041388518023 16.31205673758865
28.8150867823765 17.73049645390071
28.849132176234978 14.893617021276595
28.88317757009346 16.31205673758865
28.917222963951936 13.47517730496454
28.951268357810413 14.184397163120568
28.98531375166889 12.056737588652483
29.019359145527368 14.184397163120568
29.05340453938585 12.76595744680851
29.087449933244326 14.893617021276595
29.121495327102803 13.47517730496454
29.15554072096128 15.602836879432624
29.189586114819758 14.184397163120568
29.22363150867824 16.31205673758865
29.257676902536716 14.893617021276595
29.291722296395193 17.02127659574468
29.32576769025367 15.602836879432624
29.359813084112147 17.73049645390071
29.39385847797063 17.02127659574468
29.427903871829105 18.43971631205674
29.461949265687583 17.73049645390071
29.49599465954606 19.148936170212767
29.530040053404537 18.43971631205674
29.564085447263018 19.858156028368796
29.598130841121495 19.148936170212767
29.632176234979973 20.56737588652482
29.66622162883845 21.27659574468085
29.700267022696927 19.858156028368796
29.734312416555404 21.98581560283688
29.768357810413885 20.56737588652482
29.802403204272363 22.69503546099291
29.83644859813084 21.27659574468085
29.870493991989317 23.404255319148938
29.904539385847794 21.98581560283688
29.938584779706275 24.113475177304966
29.972630173564752 22.69503546099291
30.00667556742323 24.113475177304966
30.040720961281707 24.822695035460995
30.074766355140184 23.404255319148938
30.108811748998665 24.822695035460995
30.142857142857142 24.113475177304966
30.17690253671562 24.822695035460995
30.210947930574097 25.53191489361702
30.244993324432574 24.113475177304966
30.279038718291055 25.53191489361702
30.313084112149532 24.822695035460995
30.34712950600801 25.53191489361702
30.381174899866487 26.24113475177305
30.415220293724964 24.822695035460995
30.449265687583445 26.24113475177305
30.483311081441922 24.822695035460995
30.5173564753004 26.24113475177305
30.551401869158877 26.95035460992908
30.585447263017354 25.53191489361702
30.619492656875835 26.95035460992908
30.653538050734312 25.53191489361702
30.68758344459279 26.95035460992908
30.721628838451267 27.659574468085108
30.755674232309744 26.24113475177305
30.789719626168225 27.659574468085108
30.823765020026702 26.24113475177305
30.85781041388518 27.659574468085108
30.891855807743656 28.368794326241137
30.925901201602134 26.95035460992908
30.959946595460615 28.368794326241137
30.993991989319092 29.078014184397166
31.02803738317757 29.78723404255319
31.062082777036046 30.49645390070922
31.096128170894524 31.20567375886525
31.130173564753004 31.914893617021278
31.16421895861148 32.6241134751773
31.19826435246996 33.333333333333336
31.232309746328436 34.04255319148936
31.266355140186914 34.751773049645394
31.300400534045394 35.46099290780142
31.33444592790387 36.17021276595745
31.36849132176235 36.87943262411348
31.402536715620826 37.5886524822695
31.436582109479303 38.297872340425535
31.470627503337784 39.00709219858156
31.50467289719626 39.71631205673759
31.53871829105474 40.42553191489362
31.572763684913216 41.13475177304964
31.606809078771693 41.843971631205676
31.640854472630174 42.5531914893617
31.67489986648865 43.262411347517734
31.70894526034713 43.97163120567376
31.742990654205606 44.68085106382979
31.777036048064083 45.39007092198582
31.811081441922564 46.09929078014184
31.84512683578104 46.808510638297875
31.87917222963952 47.5177304964539
31.913217623497996 48.22695035460993
31.947263017356473 48.93617021276596
31.981308411214954 50.354609929078016
32.01535380507343 52.4822695035461
32.04939919893191 53.90070921985816
32.083444592790386 56.02836879432624
32.11748998664886 57.4468085106383
32.15153538050734 59.57446808510638
32.18558077436582 60.99290780141844
32.219626168224295 63.12056737588653
32.25367156208277 64.53900709219859
32.28771695594125 66.66666666666667
32.32176234979973 68.08510638297872
32.35580774365821 70.2127659574468
32.38985313751669 71.63120567375887
32.423898531375166 73.75886524822695
32.45794392523364 75.177304964539
32.49198931909212 77.30496453900709
32.526034712950604 78.72340425531915
32.56008010680908 80.85106382978724
32.59412550066756 82.26950354609929
32.628170894526036 84.39716312056738
32.66221628838451 85.81560283687944
32.69626168224299 87.94326241134752
32.73030707610147 89.36170212765958
32.764352469959945 91.48936170212767
32.79839786381842 92.90780141843972
32.8324432576769 95.0354609929078
32.86648865153538 97.16312056737588
32.900534045393854 98.58156028368795
32.93457943925233 100.70921985815603
32.96862483311081 103.54609929078015
33.00267022696929 107.09219858156028
33.03671562082777 110.63829787234043
33.07076101468625 114.18439716312056
33.104806408544725 117.73049645390071
33.1388518024032 121.27659574468086
33.17289719626168 124.822695035461
33.20694259012016 128.36879432624113
33.240987983978634 131.91489361702128
33.27503337783712 135.46099290780143
33.309078771695596 139.7163120567376
33.34312416555407 143.26241134751774
33.37716955941255 146.8085106382979
33.41121495327103 150.354609929078
33.445260347129505 153.90070921985816
33.47930574098798 157.4468085106383
33.51335113484646 160.99290780141845
33.54739652870494 164.53900709219857
33.581441922563414 168.08510638297872
33.61548731642189 171.63120567375887
33.649532710280376 175.17730496453902
33.68357810413885 178.72340425531917
33.71762349799733 182.2695035460993
33.75166889185581 185.81560283687944
33.785714285714285 190.0709219858156
33.81975967957276 193.61702127659575
33.85380507343124 197.1631205673759
33.88785046728972 200.70921985815605
33.921895861148194 204.25531914893617
33.95594125500667 207.80141843971631
33.989986648865155 202.83687943262413
34.02403204272363 207.0921985815603
34.05807743658211 204.9645390070922
34.09212283044059 205.67375886524823
34.126168224299064 203.54609929078015
34.16021361815754 204.9645390070922
34.19425901201602 202.83687943262413
34.228304405874496 203.54609929078015
34.262349799732974 201.41843971631207
34.29639519359145 202.83687943262413
34.330440587449935 200.70921985815605
34.36448598130841 201.41843971631207
34.39853137516689 199.29078014184398
34.43257676902537 200.0
34.466622162883844 198.58156028368796
34.50066755674232 199.29078014184398
34.5347129506008 197.1631205673759
34.568758344459276 197.87234042553192
34.60280373831775 195.74468085106383
34.63684913217623 197.1631205673759
34.670894526034715 195.03546099290782
34.70493991989319 195.74468085106383
34.73898531375167 193.61702127659575
34.77303070761015 195.03546099290782
34.807076101468624 192.90780141843973
34.8411214953271 193.61702127659575
34.87516688918558 191.48936170212767
34.909212283044056 192.90780141843973
34.94325767690253 190.78014184397165
34.97730307076101 191.48936170212767
35.011348464619495 192.19858156028369
35.04539385847797 193.61702127659575
35.07943925233645 194.32624113475177
35.11348464619493 195.74468085106383
35.147530040053404 196.45390070921985
35.18157543391188 197.87234042553192
35.21562082777036 198.58156028368796
35.249666221628836 200.0
35.28371161548731 200.70921985815605
35.31775700934579 201.41843971631207
35.351802403204275 202.83687943262413
35.38584779706275 203.54609929078015
35.41989319092123 204.9645390070922
35.453938584779706 205.67375886524823
35.487983978638184 207.0921985815603
35.52202937249666 207.80141843971631
35.55607476635514 209.21985815602838
35.590120160213615 209.9290780141844
35.62416555407209 211.34751773049646
35.65821094793057 212.05673758865248
35.692256341789054 213.47517730496455
35.72630173564753 214.18439716312056
35.76034712950601 215.60283687943263
35.794392523364486 216.31205673758865
35.82843791722296 217.7304964539007
35.86248331108144 218.43971631205673
35.89652870493992 219.8581560283688
35.930574098798395 220.56737588652484
35.96461949265687 221.98581560283688
35.99866488651535 219.8581560283688
36.03271028037383 221.27659574468086
36.06675567423231 217.7304964539007
36.10080106809079 218.43971631205673
36.134846461949266 214.8936170212766
36.16889185580774 216.31205673758865
36.20293724966622 212.76595744680853
36.2369826435247 214.18439716312056
36.271028037383175 210.63829787234044
36.30507343124165 212.05673758865248
36.33911882510013 207.80141843971631
36.37316421895861 209.21985815602838
36.40720961281709 205.67375886524823
36.44125500667557 207.0921985815603
36.475300400534046 203.54609929078015
36.50934579439252 204.9645390070922
36.543391188251 200.70921985815605
36.57743658210948 202.12765957446808
36.611481975967955 198.58156028368796
36.64552736982643 200.0
36.67957276368491 196.45390070921985
36.71361815754339 197.87234042553192
36.74766355140187 193.61702127659575
36.78170894526035 195.03546099290782
36.815754339118826 191.48936170212767
36.8497997329773 192.90780141843973
36.88384512683578 189.36170212765958
36.91789052069426 190.78014184397165
36.951935914552735 186.52482269503545
36.98598130841121 188.65248226950357
37.02002670226969 182.2695035460993
37.054072096128166 185.10638297872342
37.08811748998665 177.3049645390071
37.12216288384513 180.1418439716312
37.156208277703605 172.3404255319149
37.19025367156208 175.88652482269504
37.22429906542056 167.3758865248227
37.25834445927904 170.92198581560285
37.292389853137514 162.4113475177305
37.32643524699599 165.95744680851064
37.36048064085447 158.15602836879432
37.394526034712946 160.99290780141845
37.42857142857143 153.19148936170214
37.46261682242991 156.7375886524823
37.496662216288385 148.22695035460993
37.53070761014686 151.77304964539007
37.56475300400534 143.26241134751774
37.59879839786382 146.8085106382979
37.632843791722294 139.00709219858157
37.66688918558077 141.84397163120568
37.70093457943925 134.04255319148936
37.734979973297726 136.8794326241135
37.76902536715621 129.07801418439718
37.80307076101469 132.6241134751773
37.837116154873165 124.11347517730496
37.87116154873164 127.65957446808511
37.90520694259012 119.8581560283688
37.9392523364486 122.69503546099291
37.973297730307074 114.8936170212766
38.00734312416555 121.27659574468086
38.04138851802403 124.822695035461
38.075433911882506 127.65957446808511
38.10947930574099 130.4964539007092
38.14352469959947 134.04255319148936
38.177570093457945 136.8794326241135
38.21161548731642 139.7163120567376
38.2456608811749 142.5531914893617
38.27970627503338 146.09929078014184
38.313751668891854 148.93617021276597
38.34779706275033 151.77304964539007
38.38184245660881 154.60992907801418
38.415887850467286 158.15602836879432
38.44993324432576 160.99290780141845
38.48397863818425 163.82978723404256
38.518024032042725 166.66666666666669
38.5520694259012 170.2127659574468
38.58611481975968 173.04964539007094
38.620160213618156 175.88652482269504
38.654205607476634 178.72340425531917
38.68825100133511 182.2695035460993
38.72229639519359 185.10638297872342
38.756341789052065 187.94326241134752
38.79038718291054 190.78014184397165
38.82443257676903 194.32624113475177
38.858477970627504 197.1631205673759
38.89252336448598 200.0
38.92656875834446 202.83687943262413
38.960614152202936 205.67375886524823
38.99465954606141 207.0921985815603
39.02870493991989 208.51063829787236
39.06275033377837 210.63829787234044
39.096795727636845 212.05673758865248
39.13084112149532 213.47517730496455
39.16488651535381 215.60283687943263
39.198931909212284 217.0212765957447
39.23297730307076 218.43971631205673
39.26702269692924 220.56737588652484
39.301068090787716 221.98581560283688
39.33511348464619 223.40425531914894
39.36915887850467 224.822695035461
39.40320427236315 226.9503546099291
39.437249666221625 228.36879432624113
39.4712950600801 229.7872340425532
39.50534045393859 231.91489361702128
39.539385847797064 233.33333333333334
39.57343124165554 234.7517730496454
39.60747663551402 236.17021276595744
39.641522029372496 238.29787234042553
39.67556742323097 239.7163120567376
39.70961281708945 241.13475177304966
39.74365821094793 243.26241134751774
39.777703604806405 244.6808510638298
39.81174899866488 246.09929078014184
39.845794392523366 247.5177304964539
39.879839786381844 249.645390070922
39.91388518024032 251.06382978723406
39.9479305740988 252.48226950354612
39.981975967957275 253.90070921985816
40.01602136181575 251.77304964539007
40.05006675567423 252.48226950354612
40.08411214953271 251.06382978723406
40.118157543391185 251.77304964539007
40.15220293724966 249.645390070922
40.186248331108146 251.06382978723406
40.22029372496662 248.93617021276597
40.2543391188251 249.645390070922
40.28838451268358 248.22695035460993
40.322429906542055 248.93617021276597
40.35647530040053 246.8085106382979
40.39052069425901 248.22695035460993
40.42456608811749 246.09929078014184
40.458611481975964 246.8085106382979
40.49265687583444 245.39007092198582
40.526702269692926 246.09929078014184
40.5607476635514 243.97163120567376
40.59479305740988 244.6808510638298
40.62883845126836 243.26241134751774
40.662883845126835 243.97163120567376
40.69692923898531 241.84397163120568
40.73097463284379 243.26241134751774
40.76502002670227 241.13475177304966
40.799065420560744 241.84397163120568
40.83311081441922 240.42553191489364
40.8671562082777 241.13475177304966
40.90120160213618 239.00709219858157
40.93524699599466 240.42553191489364
40.96929238985314 234.7517730496454
41.003337783711615 239.00709219858157
41.03738317757009 223.40425531914894
41.07142857142857 231.91489361702128
41.10547396528705 212.05673758865248
41.139519359145524 220.56737588652484
41.173564753004 200.0
41.20761014686248 209.21985815602838
41.24165554072096 188.65248226950357
41.27570093457944 197.1631205673759
41.30974632843792 177.3049645390071
41.343791722296395 185.81560283687944
41.37783711615487 165.95744680851064
41.41188251001335 174.46808510638297
41.44592790387183 153.90070921985816
41.479973297730304 163.12056737588654
41.51401869158878 142.5531914893617
41.54806408544726 151.06382978723406
41.58210947930574 131.20567375886526
41.61615487316422 139.7163120567376
41.6502002670227 119.8581560283688
41.684245660881174 128.36879432624113
41.71829105473965 107.80141843971631
41.75233644859813 117.02127659574468
41.786381842456606 96.45390070921987
41.82042723631508 104.9645390070922
41.85447263017356 85.1063829787234
41.88851802403204 93.61702127659575
41.92256341789052 73.75886524822695
41.956608811749 82.26950354609929
41.99065420560748 68.79432624113475
42.024699599465954 70.92198581560284
42.05874499332443 68.08510638297872
42.09279038718291 69.50354609929079
42.126835781041386 68.08510638297872
42.16088117489986 69.50354609929079
42.19492656875834 68.08510638297872
42.22897196261682 68.79432624113475
42.2630173564753 67.3758865248227
42.29706275033378 68.79432624113475
42.33110814419226 67.3758865248227
42.365153538050734 68.79432624113475
42.39919893190921 67.3758865248227
42.43324432576769 68.08510638297872
42.467289719626166 67.3758865248227
42.50133511348464 68.08510638297872
42.53538050734312 66.66666666666667
42.5694259012016 68.08510638297872
42.60347129506008 66.66666666666667
42.63751668891856 67.3758865248227
42.67156208277704 66.66666666666667
42.705607476635514 67.3758865248227
42.73965287049399 65.95744680851064
42.77369826435247 67.3758865248227
42.807743658210946 65.95744680851064
42.84178905206942 66.66666666666667
42.8758344459279 65.95744680851064
42.90987983978638 66.66666666666667
42.94392523364486 65.2482269503546
42.97797062750334 66.66666666666667
43.012016021361816 68.08510638297872
43.046061415220294 68.79432624113475
43.08010680907877 69.50354609929079
43.11415220293725 70.92198581560284
43.148197596795725 71.63120567375887
43.1822429906542 73.04964539007092
43.21628838451268 73.75886524822695
43.25033377837116 74.46808510638299
43.28437917222964 75.88652482269504
43.31842456608812 76.59574468085107
43.352469959946596 78.01418439716312
43.38651535380507 78.72340425531915
43.42056074766355 79.43262411347519
43.45460614152203 80.85106382978724
43.488651535380505 81.56028368794327
43.52269692923898 82.97872340425532
43.55674232309746 83.68794326241135
43.59078771695594 85.1063829787234
43.624833110814414 85.81560283687944
43.6588785046729 86.52482269503547
43.692923898531376 87.94326241134752
43.72696929238985 88.65248226950355
43.76101468624833 90.0709219858156
43.79506008010681 90.78014184397163
43.829105473965285 91.48936170212767
43.86315086782376 92.90780141843972
43.89719626168224 93.61702127659575
43.93124165554072 95.0354609929078
43.965287049399194 95.74468085106383
43.99933244325768 94.32624113475178
44.033377837116156 95.74468085106383
44.06742323097463 94.32624113475178
44.10146862483311 95.74468085106383
44.13551401869159 94.32624113475178
44.169559412550065 95.74468085106383
44.20360480640854 94.32624113475178
44.23765020026702 95.0354609929078
44.2716955941255 94.32624113475178
44.305740987983974 95.0354609929078
44.33978638184246 93.61702127659575
44.373831775700936 95.0354609929078
44.40787716955941 93.61702127659575
44.44192256341789 95.0354609929078
44.47596795727637 93.61702127659575
44.510013351134845 94.32624113475178
44.54405874499332 93.61702127659575
44.5781041388518 94.32624113475178
44.612149532710276 92.90780141843972
44.646194926568754 94.32624113475178
44.68024032042724 92.90780141843972
44.714285714285715 94.32624113475178
44.74833110814419 92.90780141843972
44.78237650200267 93.61702127659575
44.81642189586115 92.90780141843972
44.850467289719624 93.61702127659575
44.8845126835781 92.19858156028369
44.91855807743658 93.61702127659575
44.952603471295056 92.19858156028369
44.98664886515353 94.32624113475178
45.02069425901202 96.45390070921987
45.054739652870495 98.58156028368795
45.08878504672897 100.0
45.12283044058745 102.12765957446808
45.15687583444593 104.25531914893618
45.190921228304404 105.67375886524823
45.22496662216288 107.80141843971631
45.25901201602136 109.21985815602837
45.293057409879836 111.34751773049646
45.32710280373831 113.47517730496455
45.3611481975968 114.8936170212766
45.395193591455275 117.02127659574468
45.42923898531375 119.14893617021276
45.46328437917223 120.56737588652483
45.49732977303071 122.69503546099291
45.531375166889184 124.822695035461
45.56542056074766 126.24113475177306
45.59946595460614 128.36879432624113
45.633511348464616 129.7872340425532
45.66755674232309 131.91489361702128
45.70160213618158 134.04255319148936
45.735647530040055 135.46099290780143
45.76969292389853 137.5886524822695
45.80373831775701 139.7163120567376
45.83778371161549 141.13475177304966
45.871829105473964 143.26241134751774
45.90587449933244 145.39007092198582
45.93991989319092 146.8085106382979
45.973965287049396 148.93617021276597
46.00801068090787 150.354609929078
46.04205607476635 152.4822695035461
46.076101468624834 153.90070921985816
46.11014686248331 156.02836879432624
46.14419225634179 157.4468085106383
46.178237650200266 159.5744680851064
46.21228304405874 161.70212765957447
46.24632843791722 163.12056737588654
46.2803738317757 165.24822695035462
46.314419225634175 166.66666666666669
46.34846461949265 168.79432624113477
46.38251001335113 170.2127659574468
46.416555407209614 172.3404255319149
46.45060080106809 173.75886524822695
46.48464619492657 175.88652482269504
46.518691588785046 178.01418439716312
46.55273698264352 179.43262411347519
46.586782376502 181.56028368794327
46.62082777036048 182.97872340425533
46.654873164218955 185.10638297872342
46.68891855807743 186.52482269503545
46.72296395193591 188.65248226950357
46.757009345794394 190.0709219858156
46.79105473965287 192.19858156028369
46.82510013351135 194.32624113475177
46.859145527369826 195.74468085106383
46.8931909212283 197.87234042553192
46.92723631508678 199.29078014184398
46.96128170894526 201.41843971631207
46.995327102803735 202.83687943262413
47.02937249666221 192.19858156028369
47.06341789052069 197.87234042553192
47.097463284379174 185.10638297872342
47.13150867823765 190.0709219858156
47.16555407209613 178.01418439716312
47.199599465954606 182.97872340425533
47.23364485981308 170.92198581560285
47.26769025367156 175.88652482269504
47.30173564753004 163.12056737588654
47.335781041388515 168.79432624113477
47.36982643524699 156.02836879432624
47.40387182910547 161.70212765957447
47.437917222963954 148.93617021276597
47.47196261682243 153.90070921985816
47.50600801068091 141.84397163120568
47.540053404539385 146.8085106382979
47.57409879839786 134.7517730496454
47.60814419225634 139.7163120567376
47.64218958611482 126.95035460992908
47.676234979973295 132.6241134751773
47.71028037383177 119.8581560283688
47.74432576769025 125.53191489361703
47.77837116154873 112.76595744680851
47.81241655540721 118.43971631205675
47.84646194926569 105.67375886524823
47.880507343124165 110.63829787234043
47.91455273698264 98.58156028368795
47.94859813084112 103.54609929078015
47.9826435246996 92.90780141843972
48.016688918558074 96.45390070921987
48.05073431241655 89.36170212765958
48.08477970627503 92.19858156028369
48.11882510013351 86.52482269503547
48.15287049399199 88.65248226950355
48.18691588785047 82.97872340425532
48.220961281708945 85.1063829787234
48.25500667556742 79.43262411347519
48.2890520694259 81.56028368794327
48.32309746328438 75.88652482269504
48.357142857142854 78.01418439716312
48.39118825100133 72.3404255319149
48.42523364485981 75.177304964539
48.459279038718286 69.50354609929079
48.49332443257677 71.63120567375887
48.52736982643525 65.95744680851064
48.561415220293725 68.08510638297872
48.5954606141522 62.4113475177305
48.62950600801068 64.53900709219859
48.66355140186916 58.86524822695036
48.697596795727634 61.70212765957447
48.73164218958611 56.02836879432624
48.76568758344459 58.15602836879433
48.799732977303066 52.4822695035461
48.83377837116155 54.60992907801418
48.86782376502003 48.93617021276596
48.901869158878505 51.06382978723404
48.93591455273698 45.39007092198582
48.96995994659546 47.5177304964539
49.004005340453936 43.97163120567376
49.038050734312414 46.09929078014184
49.07209612817089 46.808510638297875
49.10614152202937 47.5177304964539
49.140186915887845 46.09929078014184
49.17423230974633 48.22695035460993
49.20827770360481 48.93617021276596
49.242323097463284 49.64539007092199
49.27636849132176 48.22695035460993
49.31041388518024 50.354609929078016
49.344459279038716 51.06382978723404
49.37850467289719 51.773049645390074
49.41255006675567 52.4822695035461
49.44659546061415 51.06382978723404
49.480640854472625 53.19148936170213
49.51468624833111 53.90070921985816
49.54873164218959 54.60992907801418
49.582777036048064 53.19148936170213
49.61682242990654 55.319148936170215
49.65086782376502 56.02836879432624
49.684913217623496 56.73758865248227
49.71895861148197 55.319148936170215
49.75300400534045 57.4468085106383
49.78704939919893 58.15602836879433
49.821094793057405 58.86524822695036
49.85514018691589 57.4468085106383
49.88918558077437 59.57446808510638
49.923230974632844 60.283687943262414
49.95727636849132 60.99290780141844
49.9913217623498 59.57446808510638
50.025367156208276 60.99290780141844
50.05941255006675 58.15602836879433
50.09345794392523 59.57446808510638
50.12750333778371 57.4468085106383
50.161548731642185 58.15602836879433
50.19559412550067 56.02836879432624
50.22963951935915 56.73758865248227
50.263684913217624 54.60992907801418
50.2977303070761 55.319148936170215
50.33177570093458 53.19148936170213
50.365821094793056 54.60992907801418
50.39986648865153 51.773049645390074
50.43391188251001 53.19148936170213
50.46795727636849 50.354609929078016
50.502002670226965 51.773049645390074
50.53604806408545 49.64539007092199
50.570093457943926 50.354609929078016
50.604138851802404 48.22695035460993
50.63818424566088 48.93617021276596
50.67222963951936 46.808510638297875
50.706275033377835 48.22695035460993
50.74032042723631 45.39007092198582
50.77436582109479 46.808510638297875
50.80841121495327 43.97163120567376
50.842456608811744 45.39007092198582
50.87650200267022 43.262411347517734
50.910547396528706 43.97163120567376
50.94459279038718 41.843971631205676
50.97863818424566 42.5531914893617
51.01268357810414 41.13475177304964
51.046728971962615 43.262411347517734
51.08077436582109 41.843971631205676
51.11481975967957 43.97163120567376
51.14886515353805 42.5531914893617
51.182910547396524 44.68085106382979
51.216955941255 43.262411347517734
51.251001335113486 45.39007092198582
51.28504672897196 43.97163120567376
51.31909212283044 46.09929078014184
51.35313751668892 45.39007092198582
51.387182910547395 46.808510638297875
51.42122830440587 47.5177304964539
51.45527369826435 46.09929078014184
51.48931909212283 48.22695035460993
51.523364485981304 46.808510638297875
51.55740987983978 48.93617021276596
51.591455273698266 47.5177304964539
51.62550066755674 49.64539007092199
51.65954606141522 48.93617021276596
51.6935914552737 50.354609929078016
51.727636849132175 51.06382978723404
51.76168224299065 49.64539007092199
51.79572763684913 51.773049645390074
51.82977303070761 50.354609929078016
51.863818424566084 52.4822695035461
51.89786381842456 51.06382978723404
51.931909212283045 53.19148936170213
