1.0680453635757172 89.36170212765958
1.1020680453635756 87.23404255319149
1.1360907271514342 87.94326241134752
1.1701134089392928 85.1063829787234
1.2041360907271514 86.52482269503547
1.23815877251501 82.97872340425532
1.2721814543028684 84.39716312056738
1.306204136090727 80.85106382978724
1.3402268178785857 82.26950354609929
1.3742494996664443 78.72340425531915
1.4082721814543029 80.1418439716312
1.4422948632421613 76.59574468085107
1.47631754503002 78.01418439716312
1.5103402268178785 75.177304964539
1.544362908605737 75.88652482269504
1.5783855903935957 73.04964539007092
1.612408272181454 74.46808510638299
1.646430953969313 70.92198581560284
1.6804536357571713 72.3404255319149
1.71447631754503 68.79432624113475
1.7484989993328885 70.2127659574468
1.782521681120747 66.66666666666667
1.8165443629086058 68.08510638297872
1.8505670446964642 64.53900709219859
1.8845897264843228 65.95744680851064
1.9186124082721814 63.12056737588653
1.95263509006004 63.829787234042556
1.9866577718478986 60.99290780141844
2.020680453635757 62.4113475177305
2.0547031354236154 60.99290780141844
2.088725817211474 61.70212765957447
2.122748498999333 60.99290780141844
2.1567711807871914 61.70212765957447
2.19079386257505 60.99290780141844
2.224816544362908 61.70212765957447
2.258839226150767 60.99290780141844
2.292861907938626 61.70212765957447
2.3268845897264843 60.99290780141844
2.3609072715143427 61.70212765957447
2.394929953302201 60.99290780141844
2.42895263509006 61.70212765957447
2.4629753168779187 60.99290780141844
2.496997998665777 61.70212765957447
2.5310206804536355 60.99290780141844
2.565043362241494 61.70212765957447
2.5990660440293527 60.99290780141844
2.6330887258172115 61.70212765957447
2.66711140760507 62.4113475177305
2.7011340893929283 60.99290780141844
2.7351567711807867 62.4113475177305
2.7691794529686455 60.99290780141844
2.8032021347565044 62.4113475177305
2.8372248165443628 60.99290780141844
2.871247498332221 62.4113475177305
2.90527018012008 60.99290780141844
2.9392928619079384 62.4113475177305
2.973315543695797 60.99290780141844
3.0073382254836556 62.4113475177305
3.041360907271514 59.57446808510638
3.075383589059373 60.99290780141844
3.109406270847231 57.4468085106383
3.14342895263509 58.86524822695036
3.1774516344229484 55.319148936170215
3.211474316210807 56.73758865248227
3.2454969979986656 53.19148936170213
3.279519679786524 54.60992907801418
3.313542361574383 51.06382978723404
3.3475650433622413 52.4822695035461
3.3815877251500996 48.22695035460993
3.4156104069379585 50.354609929078016
3.449633088725817 46.09929078014184
3.4836557705136757 47.5177304964539
3.517678452301534 43.97163120567376
3.5517011340893925 45.39007092198582
3.5857238158772513 41.843971631205676
3.6197464976651097 43.262411347517734
3.6537691794529685 39.71631205673759
3.687791861240827 41.13475177304964
3.7218145430286853 37.5886524822695
3.755837224816544 39.00709219858156
3.7898599066044025 35.46099290780142
3.8238825883922614 36.87943262411348
3.8579052701801198 33.333333333333336
3.8919279519679786 34.751773049645394
3.925950633755837 31.20567375886525
3.9599733155436954 32.6241134751773
3.993995997331554 29.078014184397166
4.028018679119413 30.49645390070922
4.062041360907271 29.078014184397166
4.096064042695129 30.49645390070922
4.130086724482988 31.20567375886525
4.164109406270847 30.49645390070922
4.198132088058705 31.914893617021278
4.232154769846565 31.20567375886525
4.266177451634423 32.6241134751773
4.3002001334222815 31.20567375886525
4.33422281521014 33.333333333333336
4.368245496997998 31.914893617021278
4.402268178785857 34.04255319148936
4.436290860573715 32.6241134751773
4.470313542361573 34.04255319148936
4.504336224149433 34.751773049645394
4.538358905937291 34.04255319148936
4.57238158772515 35.46099290780142
4.606404269513009 34.751773049645394
4.640426951300867 36.17021276595745
4.6744496330887255 34.751773049645394
4.708472314876584 36.87943262411348
4.742494996664442 35.46099290780142
4.776517678452301 37.5886524822695
4.81054036024016 36.17021276595745
4.844563042028018 37.5886524822695
4.878585723815877 38.297872340425535
4.912608405603736 37.5886524822695
4.946631087391594 39.00709219858156
4.980653769179453 38.297872340425535
5.014676450967311 40.42553191489362
5.04869913275517 41.13475177304964
5.082721814543028 42.5531914893617
5.116744496330887 43.262411347517734
5.150767178118746 43.97163120567376
5.184789859906604 45.39007092198582
5.218812541694462 46.09929078014184
5.252835223482321 47.5177304964539
5.28685790527018 48.22695035460993
5.3208805870580385 49.64539007092199
5.354903268845897 50.354609929078016
5.388925950633755 51.06382978723404
5.422948632421614 52.4822695035461
5.456971314209473 53.19148936170213
5.490993995997331 54.60992907801418
5.52501667778519 55.319148936170215
5.559039359573048 56.02836879432624
5.5930620413609065 57.4468085106383
5.627084723148766 58.15602836879433
5.661107404936624 59.57446808510638
5.6951300867244825 60.283687943262414
5.729152768512341 61.70212765957447
5.763175450300199 62.4113475177305
5.797198132088059 63.12056737588653
5.831220813875917 64.53900709219859
5.865243495663775 65.2482269503546
5.899266177451634 66.66666666666667
5.933288859239492 67.3758865248227
5.967311541027351 68.79432624113475
6.00133422281521 69.50354609929079
6.035356904603068 67.3758865248227
6.069379586390927 68.79432624113475
6.103402268178785 67.3758865248227
6.137424949966644 68.79432624113475
6.171447631754503 67.3758865248227
6.205470313542361 68.08510638297872
6.239492995330219 66.66666666666667
6.273515677118078 68.08510638297872
6.307538358905937 66.66666666666667
6.3415610406937954 67.3758865248227
6.375583722481654 65.95744680851064
6.409606404269512 67.3758865248227
6.443629086057371 65.95744680851064
6.47765176784523 66.66666666666667
6.511674449633088 65.2482269503546
6.545697131420947 66.66666666666667
6.579719813208805 65.2482269503546
6.613742494996664 65.95744680851064
6.647765176784523 64.53900709219859
6.681787858572381 65.95744680851064
6.7158105403602395 64.53900709219859
6.749833222148098 65.2482269503546
6.783855903935957 63.829787234042556
6.8178785857238156 65.2482269503546
6.851901267511674 63.829787234042556
6.885923949299532 64.53900709219859
6.919946631087391 63.829787234042556
6.95396931287525 64.53900709219859
6.987991994663108 63.12056737588653
7.022014676450967 63.829787234042556
7.056037358238825 61.70212765957447
7.0900600400266836 63.12056737588653
7.124082721814543 60.99290780141844
7.158105403602401 61.70212765957447
7.19212808539026 59.57446808510638
7.226150767178118 60.283687943262414
7.260173448965976 58.15602836879433
7.294196130753836 58.86524822695036
7.328218812541694 56.73758865248227
7.362241494329552 57.4468085106383
7.396264176117411 55.319148936170215
7.430286857905269 56.02836879432624
7.4643095396931285 53.90070921985816
7.498332221480987 54.60992907801418
7.532354903268845 52.4822695035461
7.566377585056704 53.90070921985816
7.600400266844562 51.06382978723404
7.634422948632421 52.4822695035461
7.66844563042028 49.64539007092199
7.702468312208138 51.06382978723404
7.7364909939959965 48.93617021276596
7.770513675783855 49.64539007092199
7.804536357571714 47.5177304964539
7.8385590393595725 48.22695035460993
7.872581721147431 46.09929078014184
7.906604402935289 46.808510638297875
7.940627084723148 44.68085106382979
7.974649766511007 45.39007092198582
8.008672448298865 43.262411347517734
8.042695130086724 44.68085106382979
8.076717811874582 43.97163120567376
8.11074049366244 45.39007092198582
8.1447631754503 43.97163120567376
8.178785857238157 45.39007092198582
8.212808539026017 43.97163120567376
8.246831220813874 45.39007092198582
8.280853902601734 44.68085106382979
8.314876584389593 46.09929078014184
8.348899266177451 44.68085106382979
8.38292194796531 46.09929078014184
8.416944629753168 44.68085106382979
8.450967311541026 46.09929078014184
8.484989993328885 45.39007092198582
8.519012675116745 46.808510638297875
8.553035356904601 45.39007092198582
8.587058038692462 46.808510638297875
8.62108072048032 45.39007092198582
8.655103402268178 46.808510638297875
8.689126084056037 47.5177304964539
8.723148765843895 46.09929078014184
8.757171447631753 47.5177304964539
8.791194129419612 697.8723404255319
8.825216811207472 46.09929078014184
8.859239492995329 47.5177304964539
8.893262174783189 48.22695035460993
8.927284856571045 46.808510638297875
8.961307538358906 48.22695035460993
8.995330220146764 46.808510638297875
9.029352901934622 48.22695035460993
9.06337558372248 45.39007092198582
9.09739826551034 46.808510638297875
9.131420947298198 43.97163120567376
9.165443629086056 45.39007092198582
9.199466310873914 42.5531914893617
9.233488992661774 43.262411347517734
9.267511674449633 40.42553191489362
9.301534356237491 41.843971631205676
9.33555703802535 39.00709219858156
9.369579719813208 40.42553191489362
9.403602401601066 37.5886524822695
9.437625083388925 38.297872340425535
9.471647765176783 36.17021276595745
9.505670446964642 36.87943262411348
9.5396931287525 34.04255319148936
9.57371581054036 35.46099290780142
9.607738492328219 32.6241134751773
9.641761174116077 34.04255319148936
9.675783855903935 31.20567375886525
9.709806537691794 31.914893617021278
9.743829219479652 29.078014184397166
9.77785190126751 30.49645390070922
9.811874583055369 27.659574468085108
9.845897264843227 29.078014184397166
9.879919946631087 26.24113475177305
9.913942628418946 26.95035460992908
9.947965310206804 24.822695035460995
9.981987991994663 25.53191489361702
10.016010673782521 23.404255319148938
10.05003335557038 24.822695035460995
10.084056037358238 23.404255319148938
10.118078719146096 24.822695035460995
10.152101400933955 24.113475177304966
10.186124082721813 24.822695035460995
10.220146764509673 25.53191489361702
10.254169446297531 24.113475177304966
10.28819212808539 25.53191489361702
10.322214809873248 24.822695035460995
10.356237491661107 25.53191489361702
10.390260173448965 24.822695035460995
10.424282855236823 26.24113475177305
10.458305537024682 24.822695035460995
10.49232821881254 26.24113475177305
10.526350900600399 25.53191489361702
10.560373582388259 26.24113475177305
10.594396264176117 25.53191489361702
10.628418945963976 26.95035460992908
10.662441627751834 25.53191489361702
10.696464309539692 26.95035460992908
10.73048699132755 26.24113475177305
10.764509673115409 26.95035460992908
10.798532354903267 27.659574468085108
10.832555036691126 26.24113475177305
10.866577718478984 27.659574468085108
10.900600400266844 26.24113475177305
10.934623082054703 27.659574468085108
10.968645763842561 26.95035460992908
11.00266844563042 28.368794326241137
11.036691127418278 29.78723404255319
11.070713809206136 31.20567375886525
11.104736490993995 31.914893617021278
11.138759172781853 33.333333333333336
11.172781854569712 34.751773049645394
11.20680453635757 35.46099290780142
11.24082721814543 36.87943262411348
11.274849899933288 38.297872340425535
11.308872581721147 39.71631205673759
11.342895263509005 40.42553191489362
11.376917945296864 41.843971631205676
11.410940627084722 43.262411347517734
11.44496330887258 43.97163120567376
11.478985990660439 45.39007092198582
11.513008672448297 46.808510638297875
11.547031354236156 47.5177304964539
11.581054036024016 48.93617021276596
11.615076717811874 50.354609929078016
11.649099399599733 51.06382978723404
11.683122081387591 52.4822695035461
11.71714476317545 53.90070921985816
11.751167444963308 54.60992907801418
11.785190126751166 56.02836879432624
11.819212808539024 57.4468085106383
11.853235490326883 58.86524822695036
11.887258172114741 59.57446808510638
11.921280853902601 60.99290780141844
11.95530353569046 62.4113475177305
11.989326217478318 63.12056737588653
12.023348899266177 61.70212765957447
12.057371581054035 62.4113475177305
12.091394262841893 60.99290780141844
12.125416944629752 61.70212765957447
12.15943962641761 60.283687943262414
12.193462308205469 60.99290780141844
12.227484989993329 59.57446808510638
12.261507671781187 60.283687943262414
12.295530353569045 58.86524822695036
12.329553035356904 59.57446808510638
12.363575717144762 57.4468085106383
12.39759839893262 58.86524822695036
12.431621080720479 56.73758865248227
12.465643762508337 58.15602836879433
12.499666444296196 56.02836879432624
12.533689126084054 56.73758865248227
12.567711807871914 55.319148936170215
12.601734489659773 56.02836879432624
12.635757171447631 54.60992907801418
12.66977985323549 55.319148936170215
12.703802535023348 53.90070921985816
12.737825216811206 54.60992907801418
12.771847898599065 52.4822695035461
12.805870580386923 53.90070921985816
12.839893262174781 51.773049645390074
12.87391594396264 53.19148936170213
12.9079386257505 51.06382978723404
12.941961307538358 52.4822695035461
12.975983989326217 50.354609929078016
13.010006671114075 51.773049645390074
13.044029352901934 50.354609929078016
13.078052034689792 52.4822695035461
13.11207471647765 53.19148936170213
13.146097398265509 51.773049645390074
13.180120080053367 53.90070921985816
13.214142761841225 54.60992907801418
13.248165443629086 53.19148936170213
13.282188125416944 55.319148936170215
13.316210807204802 56.02836879432624
13.35023348899266 56.73758865248227
13.38425617078052 55.319148936170215
13.418278852568378 57.4468085106383
13.452301534356236 58.15602836879433
13.486324216144094 56.73758865248227
13.520346897931953 58.86524822695036
13.554369579719811 59.57446808510638
13.588392261507671 58.15602836879433
13.62241494329553 60.283687943262414
13.656437625083388 60.99290780141844
13.690460306871246 61.70212765957447
13.724482988659105 60.283687943262414
13.758505670446963 62.4113475177305
13.792528352234822 63.12056737588653
13.82655103402268 61.70212765957447
13.860573715810538 63.829787234042556
13.894596397598397 64.53900709219859
13.928619079386257 63.829787234042556
13.962641761174115 65.2482269503546
13.996664442961974 65.95744680851064
14.030687124749832 64.53900709219859
14.06470980653769 65.2482269503546
14.098732488325549 63.12056737588653
14.132755170113407 64.53900709219859
14.166777851901266 62.4113475177305
14.200800533689124 63.12056737588653
14.234823215476984 61.70212765957447
14.268845897264843 62.4113475177305
14.302868579052701 60.283687943262414
14.33689126084056 60.99290780141844
14.370913942628418 59.57446808510638
14.404936624416276 60.283687943262414
14.438959306204135 58.15602836879433
14.472981987991993 59.57446808510638
14.507004669779851 57.4468085106383
14.54102735156771 58.15602836879433
14.57505003335557 56.73758865248227
14.609072715143428 57.4468085106383
14.643095396931287 55.319148936170215
14.677118078719145 56.02836879432624
14.711140760507003 54.60992907801418
14.745163442294862 55.319148936170215
14.77918612408272 53.19148936170213
14.813208805870579 54.60992907801418
14.847231487658437 52.4822695035461
14.881254169446295 53.19148936170213
14.915276851234156 51.773049645390074
14.949299533022014 52.4822695035461
14.983322214809872 50.354609929078016
15.01734489659773 55.319148936170215
15.05136757838559 58.15602836879433
15.085390260173448 60.99290780141844
15.119412941961306 63.829787234042556
15.153435623749164 66.66666666666667
15.187458305537023 69.50354609929079
15.221480987324881 73.04964539007092
15.255503669112741 75.88652482269504
15.2895263509006 78.72340425531915
15.323549032688458 81.56028368794327
15.357571714476316 84.39716312056738
15.391594396264175 87.23404255319149
15.425617078052033 90.0709219858156
15.459639759839892 92.90780141843972
15.49366244162775 96.45390070921987
15.527685123415608 99.29078014184398
15.561707805203467 102.12765957446808
15.595730486991327 104.9645390070922
15.629753168779185 107.80141843971631
15.663775850567044 110.63829787234043
15.697798532354902 113.47517730496455
15.73182121414276 117.02127659574468
15.765843895930619 119.8581560283688
15.799866577718477 122.69503546099291
15.833889259506336 125.53191489361703
15.867911941294194 128.36879432624113
15.901934623082052 131.20567375886526
15.935957304869913 134.04255319148936
15.969979986657771 137.5886524822695
16.00400266844563 139.7163120567376
16.03802535023349 132.6241134751773
16.072048032021346 135.46099290780143
16.106070713809203 129.07801418439718
16.140093395597063 131.91489361702128
16.174116077384923 124.822695035461
16.20813875917278 127.65957446808511
16.24216144096064 121.27659574468086
16.276184122748496 123.40425531914894
16.310206804536357 117.02127659574468
16.344229486324217 119.8581560283688
16.378252168112073 112.76595744680851
16.41227484989993 115.60283687943263
16.44629753168779 109.21985815602837
16.48032021347565 111.34751773049646
16.514342895263507 104.9645390070922
16.548365577051364 107.80141843971631
16.582388258839224 100.70921985815603
16.616410940627084 103.54609929078015
16.650433622414944 97.16312056737588
16.6844563042028 100.0
16.718478985990657 92.90780141843972
16.752501667778517 95.74468085106383
16.786524349566378 88.65248226950355
16.820547031354234 91.48936170212767
16.85456971314209 85.1063829787234
16.88859239492995 87.94326241134752
16.92261507671781 80.85106382978724
16.95663775850567 83.68794326241135
16.990660440293528 77.30496453900709
17.024683122081385 79.43262411347519
17.058705803869245 74.46808510638299
17.092728485657105 76.59574468085107
17.12675116744496 71.63120567375887
17.16077384923282 73.75886524822695
17.19479653102068 68.79432624113475
17.22881921280854 70.92198581560284
17.262841894596395 65.95744680851064
17.296864576384255 68.08510638297872
17.330887258172112 63.12056737588653
17.364909939959972 65.2482269503546
17.39893262174783 60.283687943262414
17.43295530353569 62.4113475177305
17.46697798532355 57.4468085106383
17.501000667111406 59.57446808510638
17.535023348899266 54.60992907801418
17.569046030687122 56.73758865248227
17.603068712474983 51.773049645390074
17.63709139426284 53.90070921985816
17.6711140760507 48.93617021276596
17.705136757838556 51.06382978723404
17.739159439626416 46.09929078014184
17.773182121414276 47.5177304964539
17.807204803202133 43.262411347517734
17.841227484989993 44.68085106382979
17.87525016677785 40.42553191489362
17.90927284856571 41.843971631205676
17.943295530353566 36.87943262411348
17.977318212141427 39.00709219858156
18.011340893929283 35.46099290780142
18.045363575717143 37.5886524822695
18.079386257505 36.17021276595745
18.11340893929286 37.5886524822695
18.14743162108072 38.297872340425535
18.181454302868577 36.87943262411348
18.215476984656437 38.297872340425535
18.249499666444294 39.00709219858156
18.283522348232154 37.5886524822695
18.31754503002001 39.00709219858156
18.35156771180787 39.71631205673759
18.385590393595727 38.297872340425535
18.419613075383587 40.42553191489362
18.453635757171448 39.00709219858156
18.487658438959304 40.42553191489362
18.521681120747164 41.13475177304964
18.55570380253502 39.71631205673759
18.58972648432288 41.843971631205676
18.623749166110738 40.42553191489362
18.657771847898598 41.843971631205676
18.691794529686454 42.5531914893617
18.725817211474315 41.13475177304964
18.759839893262175 43.262411347517734
18.79386257505003 41.843971631205676
18.82788525683789 43.262411347517734
18.861907938625748 43.97163120567376
18.89593062041361 42.5531914893617
18.929953302201465 43.97163120567376
18.963975983989325 44.68085106382979
18.99799866577718 43.262411347517734
19.032021347565042 44.68085106382979
19.0660440293529 43.262411347517734
19.10006671114076 44.68085106382979
19.13408939292862 43.262411347517734
19.168112074716475 44.68085106382979
19.202134756504336 43.262411347517734
19.236157438292192 44.68085106382979
19.270180120080052 43.262411347517734
19.30420280186791 44.68085106382979
19.33822548365577 43.262411347517734
19.372248165443626 44.68085106382979
19.406270847231486 43.262411347517734
19.440293529019346 44.68085106382979
19.474316210807203 43.262411347517734
19.508338892595063 44.68085106382979
19.54236157438292 43.262411347517734
19.57638425617078 44.68085106382979
19.610406937958636 43.262411347517734
19.644429619746496 44.68085106382979
19.678452301534353 43.262411347517734
19.712474983322213 44.68085106382979
19.74649766511007 43.262411347517734
19.78052034689793 44.68085106382979
19.81454302868579 43.262411347517734
19.848565710473647 44.68085106382979
19.882588392261507 43.262411347517734
19.916611074049364 44.68085106382979
19.950633755837224 43.262411347517734
19.98465643762508 44.68085106382979
20.01867911941294 43.262411347517734
20.052701801200797 43.97163120567376
20.086724482988657 41.843971631205676
20.120747164776517 42.5531914893617
20.154769846564374 40.42553191489362
20.188792528352234 41.843971631205676
20.22281521014009 39.71631205673759
20.25683789192795 40.42553191489362
20.290860573715808 38.297872340425535
20.324883255503668 39.00709219858156
20.358905937291524 37.5886524822695
20.392928619079385 38.297872340425535
20.42695130086724 36.17021276595745
20.4609739826551 36.87943262411348
20.49499666444296 34.751773049645394
20.529019346230818 36.17021276595745
20.56304202801868 34.04255319148936
20.597064709806535 34.751773049645394
20.631087391594395 32.6241134751773
20.66511007338225 33.333333333333336
20.699132755170112 31.20567375886525
20.73315543695797 32.6241134751773
20.76717811874583 30.49645390070922
20.80120080053369 31.20567375886525
20.835223482321545 29.078014184397166
20.869246164109406 29.78723404255319
20.903268845897262 28.368794326241137
20.937291527685122 29.078014184397166
20.97131420947298 26.95035460992908
21.00533689126084 28.368794326241137
21.039359573048696 26.95035460992908
21.073382254836556 29.078014184397166
21.107404936624416 27.659574468085108
21.141427618412273 29.78723404255319
21.175450300200133 30.49645390070922
21.20947298198799 31.20567375886525
21.24349566377585 29.78723404255319
21.277518345563706 31.914893617021278
21.311541027351566 32.6241134751773
21.345563709139423 33.333333333333336
21.379586390927283 31.914893617021278
21.41360907271514 34.04255319148936
21.447631754503 34.751773049645394
21.48165443629086 35.46099290780142
21.515677118078717 36.17021276595745
21.549699799866577 34.751773049645394
21.583722481654434 36.87943262411348
21.617745163442294 37.5886524822695
21.65176784523015 36.17021276595745
21.68579052701801 38.297872340425535
21.719813208805867 39.00709219858156
21.753835890593727 39.71631205673759
21.787858572381587 40.42553191489362
21.821881254169444 39.00709219858156
21.855903935957304 41.13475177304964
21.88992661774516 41.843971631205676
21.92394929953302 42.5531914893617
21.957971981320878 41.13475177304964
21.991994663108738 43.262411347517734
22.026017344896594 43.97163120567376
22.060040026684455 44.68085106382979
22.09406270847231 43.262411347517734
22.12808539026017 45.39007092198582
22.16210807204803 46.09929078014184
22.196130753835888 46.808510638297875
22.23015343562375 45.39007092198582
22.264176117411605 47.5177304964539
22.298198799199465 48.22695035460993
22.33222148098732 48.93617021276596
22.366244162775182 47.5177304964539
22.40026684456304 49.64539007092199
22.4342895263509 50.354609929078016
22.46831220813876 51.06382978723404
22.502334889926615 49.64539007092199
22.536357571714476 51.773049645390074
22.570380253502332 52.4822695035461
22.604402935290192 53.19148936170213
22.63842561707805 51.773049645390074
22.67244829886591 53.90070921985816
22.706470980653766 54.60992907801418
22.740493662441626 55.319148936170215
22.774516344229482 53.90070921985816
22.808539026017343 56.02836879432624
22.842561707805203 56.73758865248227
22.87658438959306 57.4468085106383
22.91060707138092 58.15602836879433
22.944629753168776 56.73758865248227
22.978652434956636 58.86524822695036
23.012675116744493 58.15602836879433
23.046697798532353 59.57446808510638
23.08072048032021 58.15602836879433
23.11474316210807 59.57446808510638
23.14876584389593 58.86524822695036
23.182788525683787 60.283687943262414
23.216811207471647 58.86524822695036
23.250833889259503 60.283687943262414
23.284856571047364 59.57446808510638
23.31887925283522 60.283687943262414
23.35290193462308 60.99290780141844
23.386924616410937 59.57446808510638
23.420947298198797 60.99290780141844
23.454969979986657 60.283687943262414
23.488992661774514 60.99290780141844
23.523015343562374 61.70212765957447
23.55703802535023 60.283687943262414
23.59106070713809 61.70212765957447
23.625083388925948 60.99290780141844
23.659106070713808 62.4113475177305
23.693128752501664 60.99290780141844
23.727151434289524 62.4113475177305
23.76117411607738 60.99290780141844
23.79519679786524 62.4113475177305
23.8292194796531 63.12056737588653
23.863242161440958 61.70212765957447
23.897264843228818 63.12056737588653
23.931287525016675 61.70212765957447
23.965310206804535 63.12056737588653
23.99933288859239 63.829787234042556
24.03335557038025 62.4113475177305
24.06737825216811 63.12056737588653
24.10140093395597 61.70212765957447
24.13542361574383 62.4113475177305
24.169446297531685 60.99290780141844
24.203468979319545 61.70212765957447
24.237491661107402 60.283687943262414
24.271514342895262 60.99290780141844
24.30553702468312 59.57446808510638
24.33955970647098 60.283687943262414
24.373582388258836 58.86524822695036
24.407605070046696 59.57446808510638
24.441627751834552 58.15602836879433
24.475650433622413 58.86524822695036
24.509673115410273 57.4468085106383
24.54369579719813 58.15602836879433
24.57771847898599 56.73758865248227
24.611741160773846 57.4468085106383
24.645763842561706 56.02836879432624
24.679786524349563 56.73758865248227
24.713809206137423 55.319148936170215
24.74783188792528 56.02836879432624
24.78185456971314 54.60992907801418
24.815877251501 55.319148936170215
24.849899933288857 53.90070921985816
24.883922615076717 54.60992907801418
24.917945296864573 53.19148936170213
24.951967978652434 53.90070921985816
24.98599066044029 52.4822695035461
25.02001334222815 53.19148936170213
25.054036024016007 51.06382978723404
25.088058705803867 51.773049645390074
25.122081387591727 49.64539007092199
25.156104069379584 50.354609929078016
25.190126751167444 48.22695035460993
25.2241494329553 48.93617021276596
25.25817211474316 46.808510638297875
25.292194796531017 48.22695035460993
25.326217478318878 45.39007092198582
25.360240160106734 46.808510638297875
25.394262841894594 43.97163120567376
25.42828552368245 45.39007092198582
25.46230820547031 42.5531914893617
25.49633088725817 43.97163120567376
25.530353569046028 41.843971631205676
25.564376250833888 42.5531914893617
25.598398932621745 40.42553191489362
25.632421614409605 41.13475177304964
25.66644429619746 39.00709219858156
25.70046697798532 39.71631205673759
25.73448965977318 37.5886524822695
25.76851234156104 38.297872340425535
25.8025350233489 36.17021276595745
25.836557705136755 37.5886524822695
25.870580386924615 34.751773049645394
25.904603068712472 36.17021276595745
25.938625750500332 33.333333333333336
25.97264843228819 34.751773049645394
26.00667111407605 36.87943262411348
26.040693795863906 39.00709219858156
26.074716477651766 41.843971631205676
26.108739159439622 44.68085106382979
26.142761841227482 47.5177304964539
26.176784523015343 50.354609929078016
26.2108072048032 53.19148936170213
26.24482988659106 56.02836879432624
26.278852568378916 58.86524822695036
26.312875250166776 61.70212765957447
26.346897931954633 64.53900709219859
26.380920613742493 66.66666666666667
26.41494329553035 69.50354609929079
26.44896597731821 72.3404255319149
26.48298865910607 75.177304964539
26.517011340893927 78.01418439716312
26.551034022681787 80.85106382978724
26.585056704469643 83.68794326241135
26.619079386257503 86.52482269503547
26.65310206804536 89.36170212765958
26.68712474983322 92.19858156028369
26.721147431621077 95.0354609929078
26.755170113408937 97.16312056737588
26.789192795196794 100.0
26.823215476984654 102.83687943262412
26.857238158772514 105.67375886524823
26.89126084056037 108.51063829787235
26.92528352234823 111.34751773049646
26.959306204136087 114.18439716312056
26.993328885923948 117.02127659574468
27.027351567711804 109.9290780141844
27.061374249499664 113.47517730496455
27.09539693128752 104.9645390070922
27.12941961307538 108.51063829787235
27.16344229486324 100.0
27.197464976651098 103.54609929078015
27.231487658438958 95.0354609929078
27.265510340226815 98.58156028368795
27.299533022014675 90.78014184397163
27.33355570380253 94.32624113475178
27.36757838559039 85.81560283687944
27.401601067378248 89.36170212765958
27.43562374916611 80.85106382978724
27.46964643095397 84.39716312056738
27.503669112741825 75.88652482269504
27.537691794529685 79.43262411347519
27.571714476317542 71.63120567375887
27.605737158105402 74.46808510638299
27.63975983989326 66.66666666666667
27.67378252168112 70.2127659574468
27.707805203468975 61.70212765957447
27.741827885256836 65.2482269503546
27.775850567044692 56.73758865248227
27.809873248832552 60.283687943262414
27.843895930620413 51.773049645390074
27.87791861240827 55.319148936170215
27.91194129419613 47.5177304964539
27.945963975983986 51.06382978723404
27.979986657771846 42.5531914893617
28.014009339559703 47.5177304964539
28.048032021347563 50.354609929078016
28.08205470313542 52.4822695035461
28.11607738492328 55.319148936170215
28.15010006671114 57.4468085106383
28.184122748498996 60.283687943262414
28.218145430286857 62.4113475177305
28.252168112074713 65.2482269503546
28.286190793862573 67.3758865248227
28.32021347565043 70.2127659574468
28.35423615743829 72.3404255319149
28.388258839226147 75.177304964539
28.422281521014007 77.30496453900709
28.456304202801864 80.1418439716312
28.490326884589724 82.26950354609929
28.524349566377584 85.1063829787234
28.55837224816544 87.23404255319149
28.5923949299533 90.0709219858156
28.626417611741157 92.19858156028369
28.660440293529017 95.0354609929078
28.694462975316874 97.16312056737588
28.728485657104734 100.0
28.76250833889259 102.12765957446808
28.79653102068045 104.9645390070922
28.83055370246831 107.09219858156028
28.864576384256168 109.9290780141844
28.898599066044028 112.05673758865248
28.932621747831885 114.8936170212766
28.966644429619745 117.02127659574468
29.0006671114076 118.43971631205675
29.03468979319546 114.18439716312056
29.068712474983318 115.60283687943263
29.10273515677118 110.63829787234043
29.136757838559035 112.76595744680851
29.170780520346895 107.80141843971631
29.204803202134755 109.9290780141844
29.238825883922612 104.9645390070922
29.272848565710472 107.09219858156028
29.30687124749833 102.12765957446808
29.34089392928619 104.25531914893618
29.374916611074045 99.29078014184398
29.408939292861906 101.41843971631207
29.442961974649762 96.45390070921987
29.476984656437622 98.58156028368795
29.511007338225482 93.61702127659575
29.54503002001334 95.74468085106383
29.5790527018012 90.78014184397163
29.613075383589056 92.90780141843972
29.647098065376916 87.94326241134752
29.681120747164773 89.36170212765958
29.715143428952633 85.1063829787234
29.74916611074049 86.52482269503547
29.78318879252835 82.26950354609929
29.81721147431621 83.68794326241135
29.851234156104066 79.43262411347519
29.885256837891927 80.85106382978724
29.919279519679783 76.59574468085107
29.953302201467643 78.01418439716312
29.9873248832555 73.04964539007092
30.02134756504336 75.88652482269504
30.055370246831217 76.59574468085107
30.089392928619077 77.30496453900709
30.123415610406933 75.88652482269504
30.157438292194794 78.01418439716312
30.191460973982654 78.72340425531915
30.22548365577051 79.43262411347519
30.25950633755837 80.1418439716312
30.293529019346227 80.85106382978724
30.327551701134087 81.56028368794327
30.361574382921944 82.26950354609929
30.395597064709804 82.97872340425532
30.42961974649766 83.68794326241135
30.46364242828552 84.39716312056738
30.49766511007338 85.1063829787234
30.531687791861238 85.81560283687944
30.565710473649098 84.39716312056738
30.599733155436954 86.52482269503547
30.633755837224815 87.23404255319149
30.66777851901267 87.94326241134752
30.70180120080053 88.65248226950355
30.735823882588388 89.36170212765958
30.769846564376248 90.0709219858156
30.803869246164105 90.78014184397163
30.837891927951965 91.48936170212767
30.871914609739825 92.19858156028369
30.90593729152768 92.90780141843972
30.939959973315542 93.61702127659575
30.9739826551034 94.32624113475178
31.00800533689126 92.90780141843972
31.042028018679115 94.32624113475178
31.076050700466975 92.90780141843972
31.110073382254832 94.32624113475178
31.144096064042692 92.90780141843972
31.178118745830552 93.61702127659575
31.21214142761841 92.90780141843972
31.24616410940627 93.61702127659575
31.280186791194126 92.90780141843972
31.314209472981986 93.61702127659575
31.348232154769843 92.19858156028369
31.382254836557703 93.61702127659575
31.41627751834556 92.19858156028369
31.45030020013342 93.61702127659575
31.48432288192128 92.19858156028369
31.518345563709136 92.90780141843972
31.552368245496996 92.19858156028369
31.586390927284853 92.90780141843972
31.620413609072713 91.48936170212767
31.65443629086057 92.90780141843972
31.68845897264843 91.48936170212767
31.722481654436287 92.90780141843972
31.756504336224147 91.48936170212767
31.790527018012003 92.90780141843972
31.824549699799864 91.48936170212767
31.858572381587724 92.19858156028369
31.89259506337558 91.48936170212767
31.92661774516344 92.19858156028369
31.960640426951297 90.78014184397163
31.994663108739157 92.19858156028369
32.028685790527014 88.65248226950355
32.062708472314874 90.78014184397163
32.09673115410273 86.52482269503547
32.13075383589059 87.94326241134752
32.16477651767845 83.68794326241135
32.19879919946631 85.1063829787234
32.23282188125417 80.85106382978724
32.26684456304203 82.97872340425532
32.30086724482989 78.01418439716312
32.33488992661774 80.1418439716312
32.3689126084056 75.88652482269504
32.402935290193454 77.30496453900709
32.436957971981315 73.04964539007092
32.470980653769175 74.46808510638299
32.505003335557035 70.2127659574468
32.539026017344895 72.3404255319149
32.573048699132755 67.3758865248227
32.607071380920615 69.50354609929079
32.64109406270847 65.2482269503546
32.67511674449633 66.66666666666667
32.70913942628418 62.4113475177305
32.74316210807204 63.829787234042556
32.7771847898599 59.57446808510638
32.81120747164776 61.70212765957447
32.84523015343562 57.4468085106383
32.87925283522348 58.86524822695036
32.91327551701134 54.60992907801418
32.947298198799196 56.02836879432624
32.981320880587056 51.773049645390074
33.015343562374916 54.60992907801418
33.04936624416277 55.319148936170215
33.08338892595063 56.02836879432624
33.11741160773849 56.73758865248227
33.15143428952635 58.15602836879433
33.18545697131421 58.86524822695036
33.21947965310206 60.283687943262414
33.25350233488992 60.99290780141844
33.28752501667778 61.70212765957447
33.32154769846564 63.12056737588653
33.355570380253496 63.829787234042556
33.38959306204136 64.53900709219859
33.42361574382922 65.95744680851064
33.45763842561708 66.66666666666667
33.49166110740493 67.3758865248227
33.52568378919279 68.79432624113475
33.55970647098065 69.50354609929079
33.59372915276851 70.92198581560284
33.62775183455637 71.63120567375887
33.661774516344224 72.3404255319149
33.695797198132084 73.75886524822695
33.729819879919944 74.46808510638299
33.763842561707804 75.177304964539
33.79786524349566 76.59574468085107
33.83188792528352 77.30496453900709
33.86591060707138 78.01418439716312
33.89993328885924 79.43262411347519
33.9339559706471 80.1418439716312
33.96797865243495 81.56028368794327
34.00200133422281 84.39716312056738
34.03602401601067 87.23404255319149
34.07004669779853 90.0709219858156
34.104069379586385 92.19858156028369
34.138092061374245 95.0354609929078
34.172114743162105 97.87234042553192
34.206137424949965 100.70921985815603
34.240160106737825 103.54609929078015
34.27418278852568 106.38297872340426
34.30820547031354 108.51063829787235
34.3422281521014 111.34751773049646
34.37625083388926 114.18439716312056
34.41027351567711 117.02127659574468
34.44429619746497 119.8581560283688
34.47831887925283 121.98581560283688
34.51234156104069 124.822695035461
34.54636424282855 127.65957446808511
34.580386924616406 130.4964539007092
34.614409606404266 133.33333333333334
34.648432288192126 136.17021276595744
34.682454969979986 138.29787234042553
34.71647765176784 141.13475177304966
34.7505003335557 143.97163120567376
34.78452301534356 146.8085106382979
34.81854569713142 149.645390070922
34.85256837891928 152.4822695035461
34.88659106070713 154.60992907801418
34.92061374249499 157.4468085106383
34.95463642428285 160.2836879432624
34.98865910607071 163.12056737588654
35.022681787858566 156.7375886524823
35.05670446964643 159.5744680851064
35.09072715143429 153.19148936170214
35.12474983322215 156.02836879432624
35.15877251501 149.645390070922
35.19279519679786 151.77304964539007
35.22681787858572 145.39007092198582
35.26084056037358 148.22695035460993
35.29486324216144 141.84397163120568
35.328885923949294 144.6808510638298
35.362908605737154 138.29787234042553
35.396931287525014 140.4255319148936
35.430953969312874 134.04255319148936
35.46497665110073 136.8794326241135
35.49899933288859 130.4964539007092
35.53302201467645 132.6241134751773
35.56704469646431 126.24113475177306
35.60106737825217 129.07801418439718
35.63509006004002 122.69503546099291
35.66911274182788 125.53191489361703
35.70313542361574 119.14893617021276
35.7371581054036 121.27659574468086
35.771180787191454 114.8936170212766
35.805203468979315 117.73049645390071
35.839226150767175 111.34751773049646
35.873248832555035 113.47517730496455
35.907271514342895 107.09219858156028
35.94129419613075 109.9290780141844
35.97531687791861 104.25531914893618
36.00933955970647 106.38297872340426
36.04336224149433 103.54609929078015
36.07738492328218 104.25531914893618
36.11140760507004 102.83687943262412
36.1454302868579 104.25531914893618
36.17945296864576 102.83687943262412
36.21347565043362 103.54609929078015
36.247498332221475 102.12765957446808
36.281521014009336 103.54609929078015
36.315543695797196 102.12765957446808
36.349566377585056 102.83687943262412
36.38358905937291 101.41843971631207
36.41761174116077 102.12765957446808
36.45163442294863 101.41843971631207
36.48565710473649 102.12765957446808
36.51967978652435 100.70921985815603
36.5537024683122 101.41843971631207
36.58772515010006 100.0
36.62174783188792 101.41843971631207
36.65577051367578 100.0
36.689793195463636 100.70921985815603
36.723815877251496 99.29078014184398
36.75783855903936 100.70921985815603
36.79186124082722 99.29078014184398
36.82588392261507 100.0
36.85990660440293 98.58156028368795
36.89392928619079 99.29078014184398
36.92795196797865 97.87234042553192
36.96197464976651 99.29078014184398
36.99599733155436 97.16312056737588
37.030020013342224 98.58156028368795
37.064042695130084 94.32624113475178
37.098065376917944 96.45390070921987
37.1320880587058 91.48936170212767
37.16611074049366 93.61702127659575
37.20013342228152 89.36170212765958
37.23415610406938 90.78014184397163
37.26817878585724 86.52482269503547
37.30220146764509 87.94326241134752
37.33622414943295 83.68794326241135
37.37024683122081 85.81560283687944
37.40426951300867 81.56028368794327
37.438292194796524 82.97872340425532
37.472314876584385 78.72340425531915
37.506337558372245 80.1418439716312
37.540360240160105 75.88652482269504
37.574382921947965 78.01418439716312
37.60840560373582 73.75886524822695
37.64242828552368 75.177304964539
37.67645096731154 70.92198581560284
37.7104736490994 72.3404255319149
37.74449633088725 68.08510638297872
37.77851901267511 70.2127659574468
37.81254169446297 65.2482269503546
37.84656437625083 67.3758865248227
37.88058705803869 63.12056737588653
37.914609739826545 64.53900709219859
37.948632421614406 60.283687943262414
37.982655103402266 61.70212765957447
38.016677785190126 59.57446808510638
38.05070046697798 61.70212765957447
38.08472314876584 62.4113475177305
38.1187458305537 63.12056737588653
38.15276851234156 61.70212765957447
38.18679119412942 63.829787234042556
38.22081387591727 64.53900709219859
38.25483655770513 65.2482269503546
38.28885923949299 65.95744680851064
38.32288192128085 66.66666666666667
38.356904603068706 65.2482269503546
38.390927284856566 67.3758865248227
38.42494996664443 68.08510638297872
38.45897264843229 68.79432624113475
38.49299533022014 69.50354609929079
38.527018012008 70.2127659574468
38.56104069379586 68.79432624113475
38.59506337558372 70.92198581560284
38.62908605737158 71.63120567375887
38.66310873915943 72.3404255319149
38.697131420947294 73.04964539007092
38.731154102735154 71.63120567375887
38.765176784523014 73.75886524822695
38.79919946631087 74.46808510638299
38.83322214809873 75.177304964539
38.86724482988659 75.88652482269504
38.90126751167445 76.59574468085107
38.93529019346231 75.177304964539
38.96931287525016 77.30496453900709
39.00333555703802 78.01418439716312
39.03735823882588 74.46808510638299
39.07138092061374 75.88652482269504
39.105403602401594 71.63120567375887
39.139426284189454 73.04964539007092
39.173448965977315 69.50354609929079
39.207471647765175 70.92198581560284
39.241494329553035 66.66666666666667
39.27551701134089 68.08510638297872
39.30953969312875 63.829787234042556
39.34356237491661 65.95744680851064
39.37758505670447 61.70212765957447
39.41160773849232 63.12056737588653
39.44563042028018 58.86524822695036
39.47965310206804 60.99290780141844
39.5136757838559 56.73758865248227
39.54769846564376 58.15602836879433
39.581721147431615 53.90070921985816
39.615743829219475 55.319148936170215
39.649766511007336 51.06382978723404
39.683789192795196 53.19148936170213
39.71781187458305 48.93617021276596
39.75183455637091 50.354609929078016
39.78585723815877 46.09929078014184
39.81987991994663 48.22695035460993
39.85390260173448 43.97163120567376
39.88792528352234 45.39007092198582
39.9219479653102 41.13475177304964
39.95597064709806 42.5531914893617
39.98999332888592 39.00709219858156
40.024016010673776 41.13475177304964
40.058038692461636 39.71631205673759
40.0920613742495 41.13475177304964
40.12608405603736 41.843971631205676
40.16010673782521 41.13475177304964
40.19412941961307 42.5531914893617
40.22815210140093 41.843971631205676
40.26217478318879 43.262411347517734
40.29619746497665 42.5531914893617
40.3302201467645 43.97163120567376
40.364242828552364 44.68085106382979
40.398265510340224 43.262411347517734
40.432288192128084 45.39007092198582
40.46631087391594 43.97163120567376
40.5003335557038 46.09929078014184
40.53435623749166 44.68085106382979
40.56837891927952 46.808510638297875
40.60240160106738 45.39007092198582
40.63642428285523 47.5177304964539
40.67044696464309 46.09929078014184
40.70446964643095 48.22695035460993
40.73849232821881 46.808510638297875
40.772515010006664 48.93617021276596
40.806537691794524 47.5177304964539
40.840560373582385 49.64539007092199
40.874583055370245 48.22695035460993
40.908605737158105 50.354609929078016
40.94262841894596 48.93617021276596
40.97665110073382 51.06382978723404
41.01067378252168 48.93617021276596
41.04469646430954 50.354609929078016
41.07871914609739 46.808510638297875
41.11274182788525 48.22695035460993
41.14676450967311 45.39007092198582
41.18078719146097 46.808510638297875
41.21480987324883 43.262411347517734
41.248832555036685 44.68085106382979
41.282855236824545 41.13475177304964
41.316877918612406 42.5531914893617
41.350900600400266 39.71631205673759
41.38492328218812 41.13475177304964
41.41894596397598 37.5886524822695
41.45296864576384 39.00709219858156
41.4869913275517 36.17021276595745
41.52101400933955 36.87943262411348
41.55503669112741 34.04255319148936
41.58905937291527 35.46099290780142
41.62308205470313 32.6241134751773
41.65710473649099 33.333333333333336
41.691127418278846 30.49645390070922
41.725150100066706 31.914893617021278
41.759172781854566 28.368794326241137
41.79319546364243 29.78723404255319
41.82721814543028 26.95035460992908
41.86124082721814 27.659574468085108
41.895263509006 24.822695035460995
41.92928619079386 26.24113475177305
41.96330887258172 23.404255319148938
41.99733155436957 24.113475177304966
42.03135423615743 23.404255319148938
42.065376917945294 24.822695035460995
42.099399599733154 25.53191489361702
42.13342228152101 24.113475177304966
42.16744496330887 26.24113475177305
42.20146764509673 26.95035460992908
42.23549032688459 25.53191489361702
42.26951300867245 27.659574468085108
42.3035356904603 28.368794326241137
42.33755837224816 26.95035460992908
42.37158105403602 29.078014184397166
42.40560373582388 29.78723404255319
42.439626417611734 28.368794326241137
42.473649099399594 30.49645390070922
42.507671781187454 29.78723404255319
42.541694462975315 31.20567375886525
42.575717144763175 31.914893617021278
42.60973982655103 30.49645390070922
42.64376250833889 32.6241134751773
42.67778519012675 33.333333333333336
42.71180787191461 31.914893617021278
42.74583055370246 34.04255319148936
42.77985323549032 34.751773049645394
42.81387591727818 33.333333333333336
42.84789859906604 35.46099290780142
42.8819212808539 36.17021276595745
42.915943962641755 34.751773049645394
42.949966644429615 36.87943262411348
42.983989326217475 37.5886524822695
43.018012008005336 35.46099290780142
43.05203468979319 36.87943262411348
43.08605737158105 34.751773049645394
43.12008005336891 35.46099290780142
43.15410273515677 34.04255319148936
43.18812541694462 34.751773049645394
43.22214809873248 32.6241134751773
43.25617078052034 33.333333333333336
43.2901934623082 31.914893617021278
43.32421614409606 32.6241134751773
43.358238825883916 30.49645390070922
43.392261507671776 31.914893617021278
43.426284189459636 29.78723404255319
43.4603068712475 30.49645390070922
43.49432955303535 28.368794326241137
43.52835223482321 29.78723404255319
43.56237491661107 27.659574468085108
43.59639759839893 28.368794326241137
43.63042028018679 26.95035460992908
43.66444296197464 27.659574468085108
43.6984656437625 25.53191489361702
43.732488325550364 26.24113475177305
43.766511007338224 24.822695035460995
43.80053368912608 25.53191489361702
43.83455637091394 23.404255319148938
43.8685790527018 24.822695035460995
43.90260173448966 22.69503546099291
43.93662441627752 23.404255319148938
43.97064709806537 21.27659574468085
44.00466977985323 22.69503546099291
44.03869246164109 21.27659574468085
44.07271514342895 22.69503546099291
44.106737825216804 21.27659574468085
44.140760507004664 22.69503546099291
44.174783188792524 21.98581560283688
44.208805870580385 22.69503546099291
44.242828552368245 21.98581560283688
44.2768512341561 22.69503546099291
44.31087391594396 21.98581560283688
44.34489659773182 22.69503546099291
44.37891927951968 23.404255319148938
44.41294196130753 21.98581560283688
44.44696464309539 23.404255319148938
44.48098732488325 21.98581560283688
44.51501000667111 23.404255319148938
44.549032688458965 21.98581560283688
44.583055370246825 23.404255319148938
44.617078052034685 22.69503546099291
44.651100733822545 23.404255319148938
44.685123415610406 22.69503546099291
44.71914609739826 24.113475177304966
44.75316877918612 22.69503546099291
44.78719146097398 24.113475177304966
44.82121414276184 22.69503546099291
44.85523682454969 24.113475177304966
44.88925950633755 22.69503546099291
44.92328218812541 24.113475177304966
44.95730486991327 22.69503546099291
44.99132755170113 24.113475177304966
45.025350233488986 22.69503546099291
45.059372915276846 23.404255319148938
45.093395597064706 21.98581560283688
45.127418278852566 22.69503546099291
45.16144096064042 21.27659574468085
45.19546364242828 21.98581560283688
45.22948632421614 20.56737588652482
45.263509006004 21.27659574468085
45.29753168779186 19.858156028368796
45.33155436957971 20.56737588652482
45.36557705136757 19.148936170212767
45.39959973315543 19.858156028368796
45.433622414943294 18.43971631205674
45.46764509673115 19.148936170212767
45.50166777851901 17.73049645390071
45.53569046030687 18.43971631205674
45.56971314209473 17.02127659574468
45.60373582388259 17.73049645390071
45.63775850567044 16.31205673758865
45.6717811874583 17.02127659574468
45.70580386924616 15.602836879432624
45.73982655103402 16.31205673758865
45.773849232821874 14.893617021276595
45.807871914609734 15.602836879432624
45.841894596397594 14.184397163120568
45.875917278185455 14.893617021276595
45.909939959973315 12.76595744680851
45.94396264176117 14.184397163120568
45.97798532354903 12.056737588652483
46.01200800533689 13.47517730496454
46.04603068712475 12.76595744680851
46.0800533689126 13.47517730496454
46.11407605070046 14.184397163120568
46.14809873248832 12.76595744680851
46.18212141427618 14.184397163120568
46.216144096064035 13.47517730496454
46.250166777851895 14.184397163120568
46.284189459639755 13.47517730496454
46.318212141427615 14.893617021276595
46.352234823215476 13.47517730496454
46.38625750500333 14.893617021276595
46.42028018679119 14.184397163120568
46.45430286857905 14.893617021276595
46.48832555036691 15.602836879432624
46.52234823215476 14.184397163120568
46.55637091394262 15.602836879432624
46.59039359573048 14.893617021276595
46.62441627751834 15.602836879432624
46.6584389593062 16.31205673758865
46.692461641094056 14.893617021276595
46.726484322881916 16.31205673758865
46.760507004669776 15.602836879432624
46.794529686457636 16.31205673758865
46.82855236824549 17.02127659574468
46.86257505003335 15.602836879432624
46.89659773182121 17.02127659574468
46.93062041360907 16.31205673758865
46.96464309539693 17.02127659574468
46.99866577718478 17.73049645390071
47.03268845897264 16.31205673758865
47.0667111407605 17.73049645390071
47.100733822548364 16.31205673758865
47.13475650433622 17.73049645390071
47.16877918612408 17.02127659574468
47.20280186791194 18.43971631205674
47.2368245496998 17.02127659574468
47.27084723148766 18.43971631205674
47.30486991327551 17.73049645390071
47.33889259506337 18.43971631205674
47.37291527685123 19.148936170212767
47.40693795863909 17.73049645390071
47.440960640426944 19.148936170212767
47.474983322214804 17.73049645390071
47.509006004002664 19.148936170212767
47.543028685790524 18.43971631205674
47.577051367578385 19.858156028368796
47.61107404936624 18.43971631205674
47.6450967311541 19.858156028368796
47.67911941294196 19.148936170212767
47.71314209472982 19.858156028368796
47.74716477651767 20.56737588652482
47.78118745830553 19.148936170212767
47.81521014009339 20.56737588652482
47.84923282188125 19.148936170212767
47.883255503669105 20.56737588652482
47.917278185456965 19.858156028368796
47.951300867244825 21.27659574468085
47.985323549032685 19.858156028368796
48.019346230820545 21.27659574468085
48.0533689126084 20.56737588652482
48.08739159439626 21.98581560283688
48.12141427618412 20.56737588652482
48.15543695797198 21.98581560283688
48.18945963975983 21.27659574468085
48.22348232154769 22.69503546099291
48.25750500333555 21.27659574468085
48.29152768512341 22.69503546099291
48.32555036691127 21.98581560283688
48.359573048699126 23.404255319148938
48.393595730486986 21.98581560283688
48.427618412274846 23.404255319148938
48.461641094062706 22.69503546099291
48.49566377585056 24.113475177304966
48.52968645763842 22.69503546099291
48.56370913942628 24.113475177304966
48.59773182121414 23.404255319148938
48.631754503002 24.822695035460995
48.66577718478985 23.404255319148938
48.69979986657771 24.822695035460995
48.73382254836557 24.113475177304966
48.76784523015343 25.53191489361702
48.80186791194129 24.113475177304966
48.83589059372915 25.53191489361702
48.86991327551701 24.822695035460995
48.90393595730487 26.24113475177305
48.93795863909273 24.822695035460995
48.97198132088058 26.24113475177305
49.00600400266844 24.822695035460995
49.0400266844563 26.24113475177305
49.07404936624416 24.822695035460995
49.108072048032014 25.53191489361702
49.142094729819874 24.113475177304966
49.176117411607734 24.822695035460995
49.210140093395594 23.404255319148938
49.244162775183455 24.113475177304966
49.27818545697131 22.69503546099291
49.31220813875917 24.113475177304966
49.34623082054703 21.98581560283688
49.38025350233489 23.404255319148938
49.41427618412274 21.98581560283688
49.4482988659106 22.69503546099291
49.48232154769846 21.27659574468085
49.51634422948632 21.98581560283688
49.550366911274175 20.56737588652482
49.584389593062035 21.27659574468085
49.618412274849895 19.858156028368796
49.652434956637755 21.27659574468085
49.686457638425615 19.858156028368796
49.72048032021347 20.56737588652482
49.75450300200133 19.148936170212767
49.78852568378919 19.858156028368796
49.82254836557705 18.43971631205674
49.8565710473649 19.148936170212767
49.89059372915276 17.73049645390071
49.92461641094062 19.148936170212767
49.95863909272848 17.02127659574468
49.99266177451634 18.43971631205674
50.026684456304196 17.02127659574468
50.060707138092056 17.73049645390071
50.094729819879916 17.02127659574468
50.128752501667776 17.73049645390071
50.16277518345563 16.31205673758865
50.19679786524349 17.73049645390071
50.23082054703135 16.31205673758865
50.26484322881921 17.02127659574468
50.29886591060707 16.31205673758865
50.33288859239492 17.02127659574468
50.36691127418278 15.602836879432624
50.40093395597064 16.31205673758865
50.4349566377585 15.602836879432624
50.46897931954636 16.31205673758865
50.50300200133422 14.893617021276595
50.53702468312208 16.31205673758865
50.57104736490994 14.893617021276595
50.6050700466978 15.602836879432624
50.63909272848565 14.893617021276595
50.67311541027351 15.602836879432624
50.70713809206137 14.184397163120568
50.74116077384923 15.602836879432624
50.775183455637084 14.184397163120568
50.809206137424944 14.893617021276595
50.843228819212804 14.184397163120568
50.877251501000664 14.893617021276595
50.91127418278852 13.47517730496454
50.94529686457638 14.893617021276595
50.97931954636424 13.47517730496454
51.0133422281521 14.893617021276595
51.04736490993996 15.602836879432624
51.08138759172781 14.184397163120568
51.11541027351567 16.31205673758865
51.14943295530353 14.893617021276595
51.18345563709139 17.02127659574468
51.217478318879245 17.73049645390071
51.251501000667105 16.31205673758865
51.285523682454965 18.43971631205674
51.319546364242825 17.02127659574468
51.353569046030685 19.148936170212767
51.38759172781854 17.73049645390071
51.4216144096064 19.858156028368796
51.45563709139426 20.56737588652482
51.48965977318212 19.148936170212767
51.52368245496997 21.27659574468085
51.55770513675783 19.858156028368796
51.59172781854569 21.98581560283688
51.62575050033355 21.27659574468085
51.65977318212141 22.69503546099291
51.693795863909266 23.404255319148938
51.727818545697126 21.98581560283688
51.761841227484986 24.113475177304966
51.795863909272846 22.69503546099291
51.8298865910607 24.822695035460995
51.86390927284856 24.113475177304966
51.89793195463642 25.53191489361702
51.93195463642428 26.24113475177305
