1.034045393858478 19.148936170212767
1.0680907877169559 19.858156028368796
1.102136181575434 20.56737588652482
1.136181575433912 19.858156028368796
1.17022696929239 21.27659574468085
1.2042723631508678 19.858156028368796
1.2383177570093458 21.27659574468085
1.2723631508678237 21.98581560283688
1.3064085447263016 21.27659574468085
1.3404539385847798 22.69503546099291
1.3744993324432577 21.27659574468085
1.4085447263017357 22.69503546099291
1.4425901201602136 23.404255319148938
1.4766355140186915 22.69503546099291
1.5106809078771697 24.113475177304966
1.5447263017356474 22.69503546099291
1.5787716955941256 24.113475177304966
1.6128170894526035 24.822695035460995
1.6468624833110814 24.113475177304966
1.6809078771695594 25.53191489361702
1.7149532710280373 24.113475177304966
1.7489986648865155 26.24113475177305
1.7830440587449932 24.822695035460995
1.8170894526034713 26.24113475177305
1.8511348464619493 26.95035460992908
1.8851802403204272 25.53191489361702
1.9192256341789051 27.659574468085108
1.953271028037383 26.24113475177305
1.9873164218958612 28.368794326241137
2.0213618157543394 29.78723404255319
2.055407209612817 30.49645390070922
2.089452603471295 31.914893617021278
2.123497997329773 32.6241134751773
2.157543391188251 33.333333333333336
2.191588785046729 34.751773049645394
2.225634178905207 35.46099290780142
2.2596795727636847 36.87943262411348
2.293724966622163 37.5886524822695
2.327770360480641 38.297872340425535
2.3618157543391187 39.71631205673759
2.3958611481975964 40.42553191489362
2.4299065420560746 41.843971631205676
2.4639519359145527 42.5531914893617
2.497997329773031 43.262411347517734
2.5320427236315086 44.68085106382979
2.5660881174899863 45.39007092198582
2.6001335113484645 46.808510638297875
2.6341789052069426 47.5177304964539
2.668224299065421 48.22695035460993
2.7022696929238985 49.64539007092199
2.7363150867823762 50.354609929078016
2.7703604806408544 51.773049645390074
2.8044058744993325 52.4822695035461
2.8384512683578103 53.19148936170213
2.8724966622162884 54.60992907801418
2.906542056074766 55.319148936170215
2.9405874499332443 56.02836879432624
2.9746328437917224 57.4468085106383
3.0086782376502 55.319148936170215
3.0427236315086783 56.73758865248227
3.076769025367156 54.60992907801418
3.110814419225634 56.02836879432624
3.144859813084112 54.60992907801418
3.17890520694259 55.319148936170215
3.212950600801068 53.90070921985816
3.246995994659546 54.60992907801418
3.281041388518024 53.19148936170213
3.315086782376502 53.90070921985816
3.34913217623498 52.4822695035461
3.3831775700934577 53.19148936170213
3.417222963951936 51.773049645390074
3.451268357810414 52.4822695035461
3.4853137516688917 51.06382978723404
3.51935914552737 51.773049645390074
3.5534045393858475 50.354609929078016
3.5874499332443257 51.06382978723404
3.621495327102804 49.64539007092199
3.6555407209612816 50.354609929078016
3.6895861148197597 48.93617021276596
3.7236315086782374 49.64539007092199
3.7576769025367156 48.22695035460993
3.7917222963951933 48.93617021276596
3.8257676902536715 47.5177304964539
3.8598130841121496 48.22695035460993
3.8938584779706273 46.808510638297875
3.9279038718291055 48.22695035460993
3.961949265687583 46.09929078014184
3.9959946595460614 48.22695035460993
4.030040053404539 48.93617021276596
4.064085447263017 50.354609929078016
4.098130841121495 51.06382978723404
4.132176234979973 52.4822695035461
4.166221628838452 53.19148936170213
4.200267022696929 53.90070921985816
4.234312416555407 55.319148936170215
4.268357810413885 56.02836879432624
4.302403204272363 56.73758865248227
4.336448598130842 58.15602836879433
4.370493991989319 58.86524822695036
4.404539385847797 59.57446808510638
4.438584779706275 60.99290780141844
4.4726301735647525 61.70212765957447
4.5066755674232315 63.12056737588653
4.540720961281709 63.829787234042556
4.574766355140187 64.53900709219859
4.608811748998665 65.95744680851064
4.642857142857142 66.66666666666667
4.6769025367156205 67.3758865248227
4.710947930574099 68.79432624113475
4.744993324432577 69.50354609929079
4.779038718291055 70.2127659574468
4.813084112149532 71.63120567375887
4.84712950600801 72.3404255319149
4.881174899866489 73.75886524822695
4.915220293724966 74.46808510638299
4.949265687583445 75.88652482269504
4.983311081441922 77.30496453900709
5.0173564753004 78.72340425531915
5.0514018691588785 80.1418439716312
5.085447263017357 82.26950354609929
5.119492656875834 83.68794326241135
5.153538050734312 85.1063829787234
5.18758344459279 87.23404255319149
5.221628838451268 88.65248226950355
5.2556742323097465 90.78014184397163
5.289719626168224 92.19858156028369
5.323765020026702 93.61702127659575
5.35781041388518 95.74468085106383
5.391855807743658 97.16312056737588
5.425901201602136 98.58156028368795
5.459946595460614 100.70921985815603
5.493991989319092 102.12765957446808
5.52803738317757 103.54609929078015
5.562082777036048 105.67375886524823
5.596128170894526 107.09219858156028
5.630173564753004 108.51063829787235
5.664218958611482 110.63829787234043
5.69826435246996 112.05673758865248
5.732309746328438 114.18439716312056
5.766355140186915 115.60283687943263
5.8004005340453935 117.02127659574468
5.834445927903872 119.14893617021276
5.86849132176235 120.56737588652483
5.902536715620828 121.98581560283688
5.936582109479305 124.11347517730496
5.970627503337783 125.53191489361703
6.0046728971962615 122.69503546099291
6.03871829105474 124.11347517730496
6.072763684913218 121.27659574468086
6.106809078771695 122.69503546099291
6.140854472630173 119.8581560283688
6.174899866488651 121.27659574468086
6.20894526034713 118.43971631205675
6.242990654205608 119.8581560283688
6.277036048064085 117.02127659574468
6.311081441922563 118.43971631205675
6.345126835781041 115.60283687943263
6.3791722296395195 117.02127659574468
6.413217623497997 114.18439716312056
6.447263017356475 115.60283687943263
6.481308411214953 112.76595744680851
6.515353805073431 114.18439716312056
6.549399198931909 111.34751773049646
6.583444592790387 112.76595744680851
6.617489986648865 109.9290780141844
6.651535380507343 111.34751773049646
6.685580774365821 108.51063829787235
6.719626168224299 109.9290780141844
6.7536715620827765 107.09219858156028
6.787716955941255 108.51063829787235
6.821762349799733 105.67375886524823
6.855807743658211 107.09219858156028
6.889853137516689 104.25531914893618
6.923898531375166 105.67375886524823
6.957943925233645 102.83687943262412
6.991989319092123 104.25531914893618
7.026034712950601 98.58156028368795
7.060080106809078 101.41843971631207
7.094125500667556 94.32624113475178
7.1281708945260345 97.16312056737588
7.162216288384513 90.78014184397163
7.196261682242991 93.61702127659575
7.230307076101468 86.52482269503547
7.264352469959946 89.36170212765958
7.298397863818424 82.97872340425532
7.3324432576769025 85.1063829787234
7.366488651535381 78.72340425531915
7.400534045393858 81.56028368794327
7.434579439252336 74.46808510638299
7.468624833110814 77.30496453900709
7.502670226969292 70.92198581560284
7.536715620827771 73.75886524822695
7.570761014686248 66.66666666666667
7.604806408544726 69.50354609929079
7.638851802403204 62.4113475177305
7.672897196261682 65.2482269503546
7.70694259012016 58.86524822695036
7.740987983978638 61.70212765957447
7.775033377837116 54.60992907801418
7.809078771695594 57.4468085106383
7.843124165554072 51.06382978723404
7.8771695594125495 53.19148936170213
7.911214953271028 46.808510638297875
7.945260347129506 49.64539007092199
7.979305740987984 44.68085106382979
8.013351134846463 45.39007092198582
8.04739652870494 43.97163120567376
8.081441922563418 45.39007092198582
8.115487316421895 43.97163120567376
8.149532710280374 45.39007092198582
8.183578104138851 43.97163120567376
8.21762349799733 45.39007092198582
8.251668891855807 43.97163120567376
8.285714285714285 44.68085106382979
8.319759679572764 43.97163120567376
8.353805073431241 44.68085106382979
8.38785046728972 43.262411347517734
8.421895861148197 44.68085106382979
8.455941255006675 43.262411347517734
8.489986648865154 44.68085106382979
8.524032042723631 43.262411347517734
8.55807743658211 44.68085106382979
8.592122830440587 43.262411347517734
8.626168224299064 43.97163120567376
8.660213618157544 43.262411347517734
8.69425901201602 43.97163120567376
8.7283044058745 42.5531914893617
8.762349799732977 43.97163120567376
8.796395193591454 42.5531914893617
8.830440587449932 43.97163120567376
8.86448598130841 42.5531914893617
8.89853137516689 43.97163120567376
8.932576769025367 42.5531914893617
8.966622162883844 43.97163120567376
9.000667556742323 44.68085106382979
9.0347129506008 45.39007092198582
9.06875834445928 46.09929078014184
9.102803738317757 47.5177304964539
9.136849132176234 48.22695035460993
9.170894526034713 49.64539007092199
9.20493991989319 50.354609929078016
9.238985313751668 51.06382978723404
9.273030707610147 52.4822695035461
9.307076101468624 53.19148936170213
9.341121495327103 53.90070921985816
9.37516688918558 55.319148936170215
9.409212283044058 56.02836879432624
9.443257676902537 56.73758865248227
9.477303070761014 58.15602836879433
9.511348464619493 58.86524822695036
9.54539385847797 59.57446808510638
9.579439252336448 60.99290780141844
9.613484646194927 61.70212765957447
9.647530040053404 63.12056737588653
9.681575433911883 63.829787234042556
9.71562082777036 64.53900709219859
9.749666221628837 65.95744680851064
9.783711615487316 66.66666666666667
9.817757009345794 67.3758865248227
9.851802403204273 68.79432624113475
9.88584779706275 69.50354609929079
9.919893190921227 70.2127659574468
9.953938584779706 71.63120567375887
9.987983978638184 72.3404255319149
10.022029372496663 66.66666666666667
10.05607476635514 69.50354609929079
10.090120160213617 63.12056737588653
10.124165554072096 65.95744680851064
10.158210947930574 59.57446808510638
10.192256341789053 61.70212765957447
10.22630173564753 56.02836879432624
10.260347129506007 58.15602836879433
10.294392523364486 51.773049645390074
10.328437917222963 54.60992907801418
10.36248331108144 48.22695035460993
10.39652870493992 51.06382978723404
10.430574098798397 44.68085106382979
10.464619492656876 46.808510638297875
10.498664886515353 41.13475177304964
10.53271028037383 43.262411347517734
10.56675567423231 37.5886524822695
10.600801068090787 39.71631205673759
10.634846461949266 33.333333333333336
10.668891855807743 36.17021276595745
10.70293724966622 29.78723404255319
10.7369826435247 32.6241134751773
10.771028037383177 26.24113475177305
10.805073431241656 28.368794326241137
10.839118825100133 22.69503546099291
10.87316421895861 24.822695035460995
10.90720961281709 18.43971631205674
10.941255006675567 21.27659574468085
10.975300400534046 16.31205673758865
11.009345794392523 17.73049645390071
11.043391188251 16.31205673758865
11.07743658210948 17.73049645390071
11.111481975967957 16.31205673758865
11.145527369826436 17.73049645390071
11.179572763684913 16.31205673758865
11.21361815754339 17.73049645390071
11.24766355140187 17.02127659574468
11.281708945260347 17.73049645390071
11.315754339118826 17.02127659574468
11.349799732977303 17.73049645390071
11.38384512683578 18.43971631205674
11.41789052069426 17.02127659574468
11.451935914552736 18.43971631205674
11.485981308411215 17.02127659574468
11.520026702269693 18.43971631205674
11.55407209612817 17.02127659574468
11.588117489986649 18.43971631205674
11.622162883845126 17.73049645390071
11.656208277703604 18.43971631205674
11.690253671562083 17.73049645390071
11.72429906542056 18.43971631205674
11.758344459279039 17.73049645390071
11.792389853137516 19.148936170212767
11.826435246995993 17.73049645390071
11.860480640854473 19.148936170212767
11.89452603471295 17.73049645390071
11.928571428571429 19.148936170212767
11.962616822429906 17.73049645390071
11.996662216288383 19.148936170212767
12.030707610146862 17.73049645390071
12.06475300400534 19.148936170212767
12.098798397863819 17.73049645390071
12.132843791722296 18.43971631205674
12.166889185580773 17.73049645390071
12.200934579439252 18.43971631205674
12.23497997329773 17.02127659574468
12.269025367156209 18.43971631205674
12.303070761014686 17.02127659574468
12.337116154873163 18.43971631205674
12.371161548731642 17.02127659574468
12.40520694259012 17.73049645390071
12.439252336448599 17.02127659574468
12.473297730307076 17.73049645390071
12.507343124165553 16.31205673758865
12.541388518024032 17.73049645390071
12.57543391188251 16.31205673758865
12.609479305740988 17.73049645390071
12.643524699599466 16.31205673758865
12.677570093457943 17.02127659574468
12.711615487316422 15.602836879432624
12.7456608811749 17.02127659574468
12.779706275033378 15.602836879432624
12.813751668891856 17.02127659574468
12.847797062750333 15.602836879432624
12.881842456608812 16.31205673758865
12.91588785046729 15.602836879432624
12.949933244325766 16.31205673758865
12.983978638184245 14.893617021276595
13.018024032042723 16.31205673758865
13.052069425901202 15.602836879432624
13.086114819759679 17.02127659574468
13.120160213618156 15.602836879432624
13.154205607476635 17.02127659574468
13.188251001335113 16.31205673758865
13.222296395193592 17.73049645390071
13.256341789052069 16.31205673758865
13.290387182910546 17.73049645390071
13.324432576769025 17.02127659574468
13.358477970627503 18.43971631205674
13.392523364485982 17.02127659574468
13.426568758344459 18.43971631205674
13.460614152202936 17.73049645390071
13.494659546061415 18.43971631205674
13.528704939919892 19.148936170212767
13.562750333778371 17.73049645390071
13.596795727636849 19.148936170212767
13.630841121495326 18.43971631205674
13.664886515353805 19.858156028368796
13.698931909212282 18.43971631205674
13.732977303070761 19.858156028368796
13.767022696929239 19.148936170212767
13.801068090787716 20.56737588652482
13.835113484646195 19.148936170212767
13.869158878504672 20.56737588652482
13.903204272363151 19.858156028368796
13.937249666221629 21.27659574468085
13.971295060080106 19.858156028368796
14.005340453938585 21.27659574468085
14.039385847797062 19.148936170212767
14.073431241655541 20.56737588652482
14.107476635514018 18.43971631205674
14.141522029372496 19.858156028368796
14.175567423230975 17.73049645390071
14.209612817089452 19.148936170212767
14.24365821094793 17.02127659574468
14.277703604806408 18.43971631205674
14.311748998664886 16.31205673758865
14.345794392523365 17.73049645390071
14.379839786381842 15.602836879432624
14.41388518024032 17.02127659574468
14.447930574098798 14.893617021276595
14.481975967957275 16.31205673758865
14.516021361815755 14.184397163120568
14.550066755674232 15.602836879432624
14.584112149532709 13.47517730496454
14.618157543391188 14.893617021276595
14.652202937249665 12.76595744680851
14.686248331108144 14.184397163120568
14.720293724966622 12.056737588652483
14.754339118825099 13.47517730496454
14.788384512683578 11.347517730496454
14.822429906542055 12.76595744680851
14.856475300400534 10.638297872340425
14.890520694259012 12.056737588652483
14.924566088117489 9.929078014184398
14.958611481975968 11.347517730496454
14.992656875834445 9.929078014184398
15.026702269692924 11.347517730496454
15.060747663551401 9.929078014184398
15.094793057409879 11.347517730496454
15.128838451268358 12.056737588652483
15.162883845126835 10.638297872340425
15.196929238985314 12.056737588652483
15.230974632843791 12.76595744680851
15.265020026702269 11.347517730496454
15.299065420560748 12.76595744680851
15.333110814419225 13.47517730496454
15.367156208277702 12.056737588652483
15.401201602136181 13.47517730496454
15.435246995994659 14.184397163120568
15.469292389853138 12.76595744680851
15.503337783711615 14.184397163120568
15.537383177570092 14.893617021276595
15.571428571428571 13.47517730496454
15.605473965287048 14.893617021276595
15.639519359145527 15.602836879432624
15.673564753004005 14.184397163120568
15.707610146862482 15.602836879432624
15.741655540720961 16.31205673758865
15.775700934579438 14.893617021276595
15.809746328437917 16.31205673758865
15.843791722296395 17.02127659574468
15.877837116154872 15.602836879432624
15.911882510013351 17.02127659574468
15.945927903871828 17.73049645390071
15.979973297730307 16.31205673758865
16.014018691588785 18.43971631205674
16.048064085447262 19.148936170212767
16.082109479305743 19.858156028368796
16.11615487316422 18.43971631205674
16.150200267022697 20.56737588652482
16.184245660881174 21.27659574468085
16.21829105473965 21.98581560283688
16.25233644859813 22.69503546099291
16.286381842456606 23.404255319148938
16.320427236315087 21.98581560283688
16.354472630173564 24.113475177304966
16.38851802403204 24.822695035460995
16.422563417890522 25.53191489361702
16.456608811749 26.24113475177305
16.490654205607477 26.95035460992908
16.524699599465954 25.53191489361702
16.55874499332443 27.659574468085108
16.59279038718291 28.368794326241137
16.626835781041386 29.078014184397166
16.660881174899863 29.78723404255319
16.694926568758344 30.49645390070922
16.72897196261682 29.078014184397166
16.763017356475302 31.20567375886525
16.79706275033378 31.914893617021278
16.831108144192257 32.6241134751773
16.865153538050734 33.333333333333336
16.89919893190921 34.04255319148936
16.93324432576769 34.751773049645394
16.967289719626166 35.46099290780142
17.001335113484647 36.87943262411348
17.035380507343124 38.297872340425535
17.0694259012016 39.71631205673759
17.10347129506008 41.843971631205676
17.13751668891856 43.262411347517734
17.171562082777037 44.68085106382979
17.205607476635514 46.09929078014184
17.23965287049399 47.5177304964539
17.27369826435247 48.93617021276596
17.307743658210946 50.354609929078016
17.341789052069426 52.4822695035461
17.375834445927904 53.90070921985816
17.40987983978638 55.319148936170215
17.44392523364486 56.73758865248227
17.477970627503336 58.15602836879433
17.512016021361816 59.57446808510638
17.546061415220294 61.70212765957447
17.58010680907877 63.12056737588653
17.614152202937248 64.53900709219859
17.648197596795725 65.95744680851064
17.682242990654206 67.3758865248227
17.716288384512684 68.79432624113475
17.75033377837116 70.2127659574468
17.784379172229638 72.3404255319149
17.818424566088115 73.75886524822695
17.852469959946596 75.177304964539
17.886515353805073 76.59574468085107
17.92056074766355 78.01418439716312
17.954606141522028 80.1418439716312
17.988651535380505 82.97872340425532
18.022696929238986 85.1063829787234
18.056742323097463 87.94326241134752
18.09078771695594 90.0709219858156
18.124833110814418 92.90780141843972
18.158878504672895 95.74468085106383
18.192923898531376 97.87234042553192
18.226969292389853 100.70921985815603
18.26101468624833 103.54609929078015
18.295060080106808 105.67375886524823
18.329105473965285 108.51063829787235
18.363150867823766 111.34751773049646
18.397196261682243 113.47517730496455
18.43124165554072 116.31205673758866
18.465287049399198 119.14893617021276
18.499332443257675 121.27659574468086
18.533377837116156 124.11347517730496
18.567423230974633 126.24113475177306
18.60146862483311 129.07801418439718
18.635514018691588 131.91489361702128
18.669559412550065 134.04255319148936
18.703604806408546 136.8794326241135
18.737650200267023 139.7163120567376
18.7716955941255 141.84397163120568
18.805740987983977 144.6808510638298
18.839786381842455 147.5177304964539
18.873831775700936 149.645390070922
18.907877169559413 152.4822695035461
18.94192256341789 155.31914893617022
18.975967957276367 157.4468085106383
19.010013351134845 150.354609929078
19.044058744993325 153.90070921985816
19.078104138851803 145.39007092198582
19.11214953271028 148.93617021276597
19.146194926568757 140.4255319148936
19.180240320427234 143.97163120567376
19.214285714285715 135.46099290780143
19.248331108144193 139.00709219858157
19.28237650200267 130.4964539007092
19.316421895861147 134.04255319148936
19.350467289719624 125.53191489361703
19.384512683578105 129.07801418439718
19.418558077436582 120.56737588652483
19.45260347129506 124.11347517730496
19.486648865153537 115.60283687943263
19.520694259012014 119.14893617021276
19.554739652870495 110.63829787234043
19.588785046728972 114.18439716312056
19.62283044058745 105.67375886524823
19.656875834445927 109.21985815602837
19.690921228304404 100.70921985815603
19.72496662216288 104.25531914893618
19.759012016021362 95.74468085106383
19.79305740987984 99.29078014184398
19.827102803738317 90.78014184397163
19.861148197596794 94.32624113475178
19.89519359145527 85.81560283687944
19.929238985313752 89.36170212765958
19.96328437917223 82.26950354609929
19.997329773030707 84.39716312056738
20.031375166889184 81.56028368794327
20.06542056074766 82.26950354609929
20.099465954606142 80.85106382978724
20.13351134846462 82.26950354609929
20.167556742323097 80.85106382978724
20.201602136181574 81.56028368794327
20.23564753004005 80.1418439716312
20.269692923898532 81.56028368794327
20.30373831775701 80.1418439716312
20.337783711615486 80.85106382978724
20.371829105473964 79.43262411347519
20.40587449933244 80.85106382978724
20.439919893190922 79.43262411347519
20.4739652870494 80.1418439716312
20.508010680907876 78.72340425531915
20.542056074766354 79.43262411347519
20.57610146862483 78.72340425531915
20.61014686248331 79.43262411347519
20.64419225634179 78.01418439716312
20.678237650200266 78.72340425531915
20.712283044058744 77.30496453900709
20.74632843791722 78.72340425531915
20.7803738317757 77.30496453900709
20.81441922563418 78.01418439716312
20.848464619492656 76.59574468085107
20.882510013351133 78.01418439716312
20.91655540720961 76.59574468085107
20.95060080106809 77.30496453900709
20.98464619492657 75.177304964539
21.018691588785046 76.59574468085107
21.052736982643523 73.04964539007092
21.086782376502 74.46808510638299
21.12082777036048 70.92198581560284
21.15487316421896 72.3404255319149
21.188918558077436 68.79432624113475
21.222963951935913 70.2127659574468
21.25700934579439 66.66666666666667
21.29105473965287 68.08510638297872
21.32510013351135 64.53900709219859
21.359145527369826 65.95744680851064
21.393190921228303 62.4113475177305
21.42723631508678 63.829787234042556
21.46128170894526 60.283687943262414
21.49532710280374 61.70212765957447
21.529372496662216 57.4468085106383
21.563417890520693 59.57446808510638
21.59746328437917 55.319148936170215
21.63150867823765 56.73758865248227
21.66555407209613 53.19148936170213
21.699599465954606 54.60992907801418
21.733644859813083 51.06382978723404
21.76769025367156 52.4822695035461
21.80173564753004 48.93617021276596
21.83578104138852 50.354609929078016
21.869826435246996 46.808510638297875
21.903871829105473 48.22695035460993
21.93791722296395 44.68085106382979
21.97196261682243 46.09929078014184
22.006008010680908 43.97163120567376
22.040053404539385 44.68085106382979
22.074098798397863 43.262411347517734
22.10814419225634 44.68085106382979
22.14218958611482 43.262411347517734
22.176234979973298 43.97163120567376
22.210280373831775 42.5531914893617
22.244325767690253 43.97163120567376
22.27837116154873 42.5531914893617
22.312416555407207 43.262411347517734
22.346461949265688 41.843971631205676
22.380507343124165 43.262411347517734
22.414552736982643 41.843971631205676
22.44859813084112 42.5531914893617
22.482643524699597 41.13475177304964
22.516688918558078 42.5531914893617
22.550734312416555 41.13475177304964
22.584779706275032 41.843971631205676
22.61882510013351 40.42553191489362
22.652870493991987 41.843971631205676
22.686915887850468 40.42553191489362
22.720961281708945 41.843971631205676
22.755006675567422 40.42553191489362
22.7890520694259 41.13475177304964
22.823097463284377 39.71631205673759
22.857142857142858 41.13475177304964
22.891188251001335 39.71631205673759
22.925233644859812 40.42553191489362
22.95927903871829 39.00709219858156
22.993324432576767 40.42553191489362
23.027369826435248 39.00709219858156
23.061415220293725 40.42553191489362
23.095460614152202 41.13475177304964
23.12950600801068 39.71631205673759
23.163551401869157 41.13475177304964
23.197596795727637 40.42553191489362
23.231642189586115 41.843971631205676
23.265687583444592 40.42553191489362
23.29973297730307 41.843971631205676
23.333778371161547 42.5531914893617
23.367823765020027 41.13475177304964
23.401869158878505 42.5531914893617
23.435914552736982 41.843971631205676
23.46995994659546 43.262411347517734
23.504005340453936 41.843971631205676
23.538050734312417 43.262411347517734
23.572096128170895 43.97163120567376
23.60614152202937 42.5531914893617
23.64018691588785 43.97163120567376
23.674232309746326 44.68085106382979
23.708277703604807 43.262411347517734
23.742323097463284 44.68085106382979
23.77636849132176 43.97163120567376
23.81041388518024 45.39007092198582
23.844459279038716 43.97163120567376
23.878504672897197 45.39007092198582
23.912550066755674 46.09929078014184
23.94659546061415 44.68085106382979
23.98064085447263 46.09929078014184
24.014686248331106 46.808510638297875
24.048731642189587 47.5177304964539
24.082777036048064 48.22695035460993
24.11682242990654 48.93617021276596
24.15086782376502 49.64539007092199
24.184913217623496 50.354609929078016
24.218958611481977 51.06382978723404
24.253004005340454 51.773049645390074
24.28704939919893 52.4822695035461
24.32109479305741 53.19148936170213
24.355140186915886 53.90070921985816
24.389185580774367 54.60992907801418
24.423230974632844 55.319148936170215
24.45727636849132 56.02836879432624
24.4913217623498 56.73758865248227
24.525367156208276 57.4468085106383
24.559412550066757 56.02836879432624
24.593457943925234 58.15602836879433
24.62750333778371 58.86524822695036
24.66154873164219 59.57446808510638
24.695594125500666 60.283687943262414
24.729639519359143 60.99290780141844
24.763684913217624 61.70212765957447
24.7977303070761 62.4113475177305
24.83177570093458 63.12056737588653
24.865821094793056 63.829787234042556
24.899866488651533 64.53900709219859
24.933911882510014 65.2482269503546
24.96795727636849 65.95744680851064
25.002002670226968 64.53900709219859
25.036048064085445 66.66666666666667
25.070093457943923 65.2482269503546
25.104138851802404 67.3758865248227
25.13818424566088 65.95744680851064
25.172229639519358 67.3758865248227
25.206275033377835 68.08510638297872
25.240320427236313 66.66666666666667
25.274365821094793 68.79432624113475
25.30841121495327 67.3758865248227
25.342456608811748 69.50354609929079
25.376502002670225 68.08510638297872
25.410547396528703 69.50354609929079
25.444592790387183 70.2127659574468
25.47863818424566 68.79432624113475
25.512683578104138 70.92198581560284
25.546728971962615 69.50354609929079
25.580774365821092 71.63120567375887
25.614819759679573 70.2127659574468
25.64886515353805 71.63120567375887
25.682910547396528 72.3404255319149
25.716955941255005 70.92198581560284
25.751001335113482 73.04964539007092
25.785046728971963 71.63120567375887
25.81909212283044 73.75886524822695
25.853137516688918 72.3404255319149
25.887182910547395 73.75886524822695
25.921228304405872 74.46808510638299
25.955273698264353 73.04964539007092
25.98931909212283 75.177304964539
26.023364485981308 71.63120567375887
26.057409879839785 73.04964539007092
26.091455273698262 69.50354609929079
26.125500667556743 70.92198581560284
26.15954606141522 67.3758865248227
26.193591455273697 68.79432624113475
26.227636849132175 65.2482269503546
26.261682242990652 66.66666666666667
26.295727636849133 63.12056737588653
26.32977303070761 64.53900709219859
26.363818424566087 60.99290780141844
26.397863818424565 62.4113475177305
26.431909212283042 58.86524822695036
26.465954606141523 60.283687943262414
26.5 56.73758865248227
26.534045393858477 58.15602836879433
26.568090787716955 54.60992907801418
26.602136181575432 56.02836879432624
26.636181575433913 52.4822695035461
26.67022696929239 53.90070921985816
26.704272363150867 50.354609929078016
26.738317757009344 51.773049645390074
26.77236315086782 48.22695035460993
26.806408544726303 49.64539007092199
26.84045393858478 46.09929078014184
26.874499332443257 47.5177304964539
26.908544726301734 43.97163120567376
26.94259012016021 45.39007092198582
26.976635514018692 41.843971631205676
27.01068090787717 43.262411347517734
27.044726301735647 41.843971631205676
27.078771695594124 42.5531914893617
27.1128170894526 41.13475177304964
27.146862483311082 42.5531914893617
27.18090787716956 41.13475177304964
27.214953271028037 41.843971631205676
27.248998664886514 41.13475177304964
27.28304405874499 41.843971631205676
27.31708945260347 40.42553191489362
27.35113484646195 41.13475177304964
27.385180240320427 40.42553191489362
27.419225634178904 41.13475177304964
27.45327102803738 39.71631205673759
27.48731642189586 41.13475177304964
27.52136181575434 39.71631205673759
27.555407209612817 40.42553191489362
27.589452603471294 39.00709219858156
27.62349799732977 40.42553191489362
27.65754339118825 39.00709219858156
27.69158878504673 39.71631205673759
27.725634178905207 38.297872340425535
27.759679572763684 39.71631205673759
27.79372496662216 38.297872340425535
27.82777036048064 39.00709219858156
27.86181575433912 38.297872340425535
27.895861148197596 39.00709219858156
27.929906542056074 37.5886524822695
27.96395193591455 39.00709219858156
27.99799732977303 40.42553191489362
28.03204272363151 41.843971631205676
28.066088117489986 43.262411347517734
28.100133511348464 45.39007092198582
28.13417890520694 46.808510638297875
28.168224299065418 48.22695035460993
28.2022696929239 50.354609929078016
28.236315086782376 51.773049645390074
28.270360480640853 53.19148936170213
28.30440587449933 54.60992907801418
28.338451268357808 56.73758865248227
28.37249666221629 58.15602836879433
28.406542056074766 59.57446808510638
28.440587449933243 61.70212765957447
28.47463284379172 63.12056737588653
28.508678237650198 64.53900709219859
28.54272363150868 65.95744680851064
28.576769025367156 68.08510638297872
28.610814419225633 69.50354609929079
28.64485981308411 70.92198581560284
28.678905206942588 73.04964539007092
28.71295060080107 74.46808510638299
28.746995994659546 75.88652482269504
28.781041388518023 77.30496453900709
28.8150867823765 79.43262411347519
28.849132176234978 80.85106382978724
28.88317757009346 82.26950354609929
28.917222963951936 83.68794326241135
28.951268357810413 85.81560283687944
28.98531375166889 89.36170212765958
29.019359145527368 92.90780141843972
29.05340453938585 96.45390070921987
29.087449933244326 99.29078014184398
29.121495327102803 102.83687943262412
29.15554072096128 106.38297872340426
29.189586114819758 109.9290780141844
29.22363150867824 112.76595744680851
29.257676902536716 116.31205673758866
29.291722296395193 119.8581560283688
29.32576769025367 123.40425531914894
29.359813084112147 126.24113475177306
29.39385847797063 129.7872340425532
29.427903871829105 133.33333333333334
29.461949265687583 136.8794326241135
29.49599465954606 139.7163120567376
29.530040053404537 143.26241134751774
29.564085447263018 146.8085106382979
29.598130841121495 150.354609929078
29.632176234979973 153.90070921985816
29.66622162883845 156.7375886524823
29.700267022696927 160.2836879432624
29.734312416555404 163.82978723404256
29.768357810413885 167.3758865248227
29.802403204272363 170.2127659574468
29.83644859813084 173.75886524822695
29.870493991989317 177.3049645390071
29.904539385847794 180.85106382978725
29.938584779706275 183.68794326241135
29.972630173564752 184.39716312056737
30.00667556742323 175.88652482269504
30.040720961281707 182.97872340425533
30.074766355140184 165.95744680851064
30.108811748998665 173.04964539007094
30.142857142857142 156.02836879432624
30.17690253671562 163.12056737588654
30.210947930574097 146.09929078014184
30.244993324432574 153.19148936170214
30.279038718291055 136.17021276595744
30.313084112149532 143.26241134751774
30.34712950600801 126.24113475177306
30.381174899866487 133.33333333333334
30.415220293724964 116.31205673758866
30.449265687583445 123.40425531914894
30.483311081441922 106.38297872340426
30.5173564753004 113.47517730496455
30.551401869158877 95.74468085106383
30.585447263017354 103.54609929078015
30.619492656875835 85.81560283687944
30.653538050734312 93.61702127659575
30.68758344459279 75.88652482269504
30.721628838451267 83.68794326241135
30.755674232309744 65.95744680851064
30.789719626168225 73.75886524822695
30.823765020026702 56.02836879432624
30.85781041388518 63.829787234042556
30.891855807743656 46.09929078014184
30.925901201602134 53.19148936170213
30.959946595460615 38.297872340425535
30.993991989319092 43.262411347517734
31.02803738317757 36.87943262411348
31.062082777036046 38.297872340425535
31.096128170894524 36.17021276595745
31.130173564753004 36.87943262411348
31.16421895861148 35.46099290780142
31.19826435246996 36.17021276595745
31.232309746328436 34.04255319148936
31.266355140186914 35.46099290780142
31.300400534045394 33.333333333333336
31.33444592790387 34.04255319148936
31.36849132176235 32.6241134751773
31.402536715620826 33.333333333333336
31.436582109479303 31.914893617021278
31.470627503337784 32.6241134751773
31.50467289719626 30.49645390070922
31.53871829105474 31.914893617021278
31.572763684913216 29.78723404255319
31.606809078771693 30.49645390070922
31.640854472630174 29.078014184397166
31.67489986648865 29.78723404255319
31.70894526034713 27.659574468085108
31.742990654205606 29.078014184397166
31.777036048064083 26.95035460992908
31.811081441922564 27.659574468085108
31.84512683578104 26.24113475177305
31.87917222963952 26.95035460992908
31.913217623497996 25.53191489361702
31.947263017356473 26.24113475177305
31.981308411214954 24.113475177304966
32.01535380507343 25.53191489361702
32.04939919893191 24.822695035460995
32.083444592790386 26.24113475177305
32.11748998664886 24.822695035460995
32.15153538050734 26.24113475177305
32.18558077436582 25.53191489361702
32.219626168224295 26.24113475177305
32.25367156208277 26.95035460992908
32.28771695594125 25.53191489361702
32.32176234979973 26.95035460992908
32.35580774365821 26.24113475177305
32.38985313751669 27.659574468085108
32.423898531375166 26.24113475177305
32.45794392523364 27.659574468085108
32.49198931909212 26.95035460992908
32.526034712950604 28.368794326241137
32.56008010680908 26.95035460992908
32.59412550066756 28.368794326241137
32.628170894526036 27.659574468085108
32.66221628838451 29.078014184397166
32.69626168224299 27.659574468085108
32.73030707610147 29.078014184397166
32.764352469959945 28.368794326241137
32.79839786381842 29.78723404255319
32.8324432576769 28.368794326241137
32.86648865153538 29.78723404255319
32.900534045393854 29.078014184397166
32.93457943925233 29.78723404255319
32.96862483311081 30.49645390070922
33.00267022696929 29.078014184397166
33.03671562082777 30.49645390070922
33.07076101468625 31.20567375886525
33.104806408544725 29.78723404255319
33.1388518024032 31.20567375886525
33.17289719626168 30.49645390070922
33.20694259012016 31.914893617021278
33.240987983978634 30.49645390070922
33.27503337783712 31.914893617021278
33.309078771695596 32.6241134751773
33.34312416555407 31.20567375886525
33.37716955941255 32.6241134751773
33.41121495327103 31.914893617021278
33.445260347129505 33.333333333333336
33.47930574098798 31.914893617021278
33.51335113484646 33.333333333333336
33.54739652870494 34.04255319148936
33.581441922563414 32.6241134751773
33.61548731642189 34.04255319148936
33.649532710280376 33.333333333333336
33.68357810413885 34.751773049645394
33.71762349799733 33.333333333333336
33.75166889185581 34.751773049645394
33.785714285714285 35.46099290780142
33.81975967957276 34.04255319148936
33.85380507343124 35.46099290780142
33.88785046728972 34.751773049645394
33.921895861148194 36.17021276595745
33.95594125500667 35.46099290780142
33.989986648865155 36.17021276595745
34.02403204272363 35.46099290780142
34.05807743658211 36.87943262411348
34.09212283044059 35.46099290780142
34.126168224299064 36.87943262411348
34.16021361815754 35.46099290780142
34.19425901201602 36.87943262411348
34.228304405874496 36.17021276595745
34.262349799732974 36.87943262411348
34.29639519359145 36.17021276595745
34.330440587449935 37.5886524822695
34.36448598130841 36.17021276595745
34.39853137516689 37.5886524822695
34.43257676902537 36.17021276595745
34.466622162883844 37.5886524822695
34.50066755674232 36.17021276595745
34.5347129506008 37.5886524822695
34.568758344459276 36.87943262411348
34.60280373831775 37.5886524822695
34.63684913217623 38.297872340425535
34.670894526034715 36.87943262411348
34.70493991989319 38.297872340425535
34.73898531375167 36.87943262411348
34.77303070761015 38.297872340425535
34.807076101468624 37.5886524822695
34.8411214953271 38.297872340425535
34.87516688918558 37.5886524822695
34.909212283044056 39.00709219858156
34.94325767690253 37.5886524822695
34.97730307076101 39.00709219858156
35.011348464619495 37.5886524822695
35.04539385847797 39.71631205673759
35.07943925233645 38.297872340425535
35.11348464619493 39.71631205673759
35.147530040053404 40.42553191489362
35.18157543391188 39.00709219858156
35.21562082777036 40.42553191489362
35.249666221628836 41.13475177304964
35.28371161548731 39.71631205673759
35.31775700934579 41.13475177304964
35.351802403204275 41.843971631205676
35.38584779706275 40.42553191489362
35.41989319092123 42.5531914893617
35.453938584779706 41.13475177304964
35.487983978638184 42.5531914893617
35.52202937249666 43.262411347517734
35.55607476635514 41.843971631205676
35.590120160213615 43.262411347517734
35.62416555407209 43.97163120567376
35.65821094793057 42.5531914893617
35.692256341789054 44.68085106382979
35.72630173564753 43.262411347517734
35.76034712950601 44.68085106382979
35.794392523364486 45.39007092198582
35.82843791722296 43.97163120567376
35.86248331108144 45.39007092198582
35.89652870493992 46.09929078014184
35.930574098798395 44.68085106382979
35.96461949265687 46.09929078014184
35.99866488651535 46.808510638297875
36.03271028037383 44.68085106382979
36.06675567423231 46.09929078014184
36.10080106809079 44.68085106382979
36.134846461949266 45.39007092198582
36.16889185580774 43.97163120567376
36.20293724966622 44.68085106382979
36.2369826435247 43.262411347517734
36.271028037383175 43.97163120567376
36.30507343124165 42.5531914893617
36.33911882510013 43.97163120567376
36.37316421895861 41.843971631205676
36.40720961281709 43.262411347517734
36.44125500667557 41.843971631205676
36.475300400534046 42.5531914893617
36.50934579439252 41.13475177304964
36.543391188251 41.843971631205676
36.57743658210948 40.42553191489362
36.611481975967955 41.13475177304964
36.64552736982643 39.71631205673759
36.67957276368491 40.42553191489362
36.71361815754339 39.00709219858156
36.74766355140187 40.42553191489362
36.78170894526035 39.00709219858156
36.815754339118826 39.71631205673759
36.8497997329773 38.297872340425535
36.88384512683578 39.00709219858156
36.91789052069426 37.5886524822695
36.951935914552735 38.297872340425535
36.98598130841121 39.00709219858156
37.02002670226969 40.42553191489362
37.054072096128166 41.843971631205676
37.08811748998665 43.262411347517734
37.12216288384513 44.68085106382979
37.156208277703605 46.09929078014184
37.19025367156208 47.5177304964539
37.22429906542056 48.93617021276596
37.25834445927904 50.354609929078016
37.292389853137514 51.773049645390074
37.32643524699599 52.4822695035461
37.36048064085447 53.90070921985816
37.394526034712946 55.319148936170215
37.42857142857143 56.73758865248227
37.46261682242991 58.15602836879433
37.496662216288385 59.57446808510638
37.53070761014686 60.99290780141844
37.56475300400534 62.4113475177305
37.59879839786382 63.829787234042556
37.632843791722294 65.2482269503546
37.66688918558077 66.66666666666667
37.70093457943925 68.08510638297872
37.734979973297726 69.50354609929079
37.76902536715621 70.92198581560284
37.80307076101469 72.3404255319149
37.837116154873165 73.75886524822695
37.87116154873164 75.177304964539
37.90520694259012 76.59574468085107
37.9392523364486 78.01418439716312
37.973297730307074 78.72340425531915
38.00734312416555 76.59574468085107
38.04138851802403 78.01418439716312
38.075433911882506 75.88652482269504
38.10947930574099 76.59574468085107
38.14352469959947 74.46808510638299
38.177570093457945 75.177304964539
38.21161548731642 73.04964539007092
38.2456608811749 74.46808510638299
38.27970627503338 71.63120567375887
38.313751668891854 73.04964539007092
38.34779706275033 70.92198581560284
38.38184245660881 71.63120567375887
38.415887850467286 69.50354609929079
38.44993324432576 70.2127659574468
38.48397863818425 68.08510638297872
38.518024032042725 68.79432624113475
38.5520694259012 66.66666666666667
38.58611481975968 68.08510638297872
38.620160213618156 65.2482269503546
38.654205607476634 66.66666666666667
38.68825100133511 64.53900709219859
38.72229639519359 65.2482269503546
38.756341789052065 63.12056737588653
38.79038718291054 63.829787234042556
38.82443257676903 61.70212765957447
38.858477970627504 63.12056737588653
38.89252336448598 60.283687943262414
38.92656875834446 61.70212765957447
38.960614152202936 58.86524822695036
38.99465954606141 60.283687943262414
39.02870493991989 58.86524822695036
39.06275033377837 59.57446808510638
39.096795727636845 58.15602836879433
39.13084112149532 59.57446808510638
39.16488651535381 58.15602836879433
39.198931909212284 58.86524822695036
39.23297730307076 58.15602836879433
39.26702269692924 58.86524822695036
39.301068090787716 57.4468085106383
39.33511348464619 58.86524822695036
39.36915887850467 57.4468085106383
39.40320427236315 58.15602836879433
39.437249666221625 56.73758865248227
39.4712950600801 58.15602836879433
39.50534045393859 56.73758865248227
39.539385847797064 57.4468085106383
39.57343124165554 56.02836879432624
39.60747663551402 57.4468085106383
39.641522029372496 56.02836879432624
39.67556742323097 56.73758865248227
39.70961281708945 55.319148936170215
39.74365821094793 56.73758865248227
39.777703604806405 55.319148936170215
39.81174899866488 56.02836879432624
39.845794392523366 55.319148936170215
39.879839786381844 56.02836879432624
39.91388518024032 54.60992907801418
39.9479305740988 55.319148936170215
39.981975967957275 54.60992907801418
40.01602136181575 55.319148936170215
40.05006675567423 53.19148936170213
40.08411214953271 53.90070921985816
40.118157543391185 51.773049645390074
40.15220293724966 52.4822695035461
40.186248331108146 50.354609929078016
40.22029372496662 51.06382978723404
40.2543391188251 48.93617021276596
40.28838451268358 50.354609929078016
40.322429906542055 47.5177304964539
40.35647530040053 48.93617021276596
40.39052069425901 46.808510638297875
40.42456608811749 47.5177304964539
40.458611481975964 45.39007092198582
40.49265687583444 46.09929078014184
40.526702269692926 43.97163120567376
40.5607476635514 44.68085106382979
40.59479305740988 42.5531914893617
40.62883845126836 43.262411347517734
40.662883845126835 41.13475177304964
40.69692923898531 42.5531914893617
40.73097463284379 40.42553191489362
40.76502002670227 41.13475177304964
40.799065420560744 39.00709219858156
40.83311081441922 39.71631205673759
40.8671562082777 37.5886524822695
40.90120160213618 38.297872340425535
40.93524699599466 36.17021276595745
40.96929238985314 36.87943262411348
41.003337783711615 35.46099290780142
41.03738317757009 36.17021276595745
41.07142857142857 34.751773049645394
41.10547396528705 36.17021276595745
41.139519359145524 34.751773049645394
41.173564753004 35.46099290780142
41.20761014686248 34.04255319148936
41.24165554072096 34.751773049645394
41.27570093457944 33.333333333333336
41.30974632843792 34.751773049645394
41.343791722296395 33.333333333333336
41.37783711615487 34.04255319148936
41.41188251001335 32.6241134751773
41.44592790387183 33.333333333333336
41.479973297730304 31.914893617021278
41.51401869158878 33.333333333333336
41.54806408544726 31.914893617021278
41.58210947930574 32.6241134751773
41.61615487316422 31.20567375886525
41.6502002670227 31.914893617021278
41.684245660881174 30.49645390070922
41.71829105473965 31.914893617021278
41.75233644859813 30.49645390070922
41.786381842456606 31.20567375886525
41.82042723631508 29.78723404255319
41.85447263017356 30.49645390070922
41.88851802403204 29.078014184397166
41.92256341789052 30.49645390070922
41.956608811749 29.078014184397166
41.99065420560748 30.49645390070922
42.024699599465954 31.20567375886525
42.05874499332443 31.914893617021278
42.09279038718291 32.6241134751773
42.126835781041386 33.333333333333336
42.16088117489986 34.751773049645394
42.19492656875834 35.46099290780142
42.22897196261682 36.17021276595745
42.2630173564753 36.87943262411348
42.29706275033378 37.5886524822695
42.33110814419226 39.00709219858156
42.365153538050734 39.71631205673759
42.39919893190921 40.42553191489362
42.43324432576769 41.13475177304964
42.467289719626166 41.843971631205676
42.50133511348464 43.262411347517734
42.53538050734312 43.97163120567376
42.5694259012016 44.68085106382979
42.60347129506008 45.39007092198582
42.63751668891856 46.09929078014184
42.67156208277704 47.5177304964539
42.705607476635514 48.22695035460993
42.73965287049399 48.93617021276596
42.77369826435247 49.64539007092199
42.807743658210946 51.06382978723404
42.84178905206942 51.773049645390074
42.8758344459279 52.4822695035461
42.90987983978638 53.19148936170213
42.94392523364486 53.90070921985816
42.97797062750334 54.60992907801418
43.012016021361816 56.02836879432624
43.046061415220294 56.73758865248227
43.08010680907877 57.4468085106383
43.11415220293725 58.15602836879433
43.148197596795725 58.86524822695036
43.1822429906542 59.57446808510638
43.21628838451268 60.283687943262414
43.25033377837116 60.99290780141844
43.28437917222964 61.70212765957447
43.31842456608812 62.4113475177305
43.352469959946596 63.12056737588653
43.38651535380507 63.829787234042556
43.42056074766355 64.53900709219859
43.45460614152203 65.2482269503546
43.488651535380505 65.95744680851064
43.52269692923898 66.66666666666667
43.55674232309746 67.3758865248227
43.59078771695594 68.08510638297872
43.624833110814414 68.79432624113475
43.6588785046729 69.50354609929079
43.692923898531376 70.2127659574468
43.72696929238985 70.92198581560284
43.76101468624833 71.63120567375887
43.79506008010681 72.3404255319149
43.829105473965285 73.04964539007092
43.86315086782376 73.75886524822695
43.89719626168224 75.177304964539
43.93124165554072 75.88652482269504
43.965287049399194 76.59574468085107
43.99933244325768 75.177304964539
44.033377837116156 77.30496453900709
44.06742323097463 76.59574468085107
44.10146862483311 78.01418439716312
44.13551401869159 78.72340425531915
44.169559412550065 77.30496453900709
44.20360480640854 79.43262411347519
44.23765020026702 78.72340425531915
44.2716955941255 80.1418439716312
44.305740987983974 79.43262411347519
44.33978638184246 80.85106382978724
44.373831775700936 81.56028368794327
44.40787716955941 80.1418439716312
44.44192256341789 82.26950354609929
44.47596795727637 81.56028368794327
44.510013351134845 82.97872340425532
44.54405874499332 83.68794326241135
44.5781041388518 82.26950354609929
44.612149532710276 84.39716312056738
44.646194926568754 82.97872340425532
44.68024032042724 85.1063829787234
44.714285714285715 84.39716312056738
44.74833110814419 85.81560283687944
44.78237650200267 86.52482269503547
44.81642189586115 85.1063829787234
44.850467289719624 87.23404255319149
44.8845126835781 86.52482269503547
44.91855807743658 87.94326241134752
44.952603471295056 88.65248226950355
44.98664886515353 87.23404255319149
45.02069425901202 88.65248226950355
45.054739652870495 87.23404255319149
45.08878504672897 87.94326241134752
45.12283044058745 86.52482269503547
45.15687583444593 87.23404255319149
45.190921228304404 85.81560283687944
45.22496662216288 86.52482269503547
45.25901201602136 85.1063829787234
45.293057409879836 85.81560283687944
45.32710280373831 84.39716312056738
45.3611481975968 85.1063829787234
45.395193591455275 83.68794326241135
45.42923898531375 85.1063829787234
45.46328437917223 82.97872340425532
45.49732977303071 84.39716312056738
45.531375166889184 82.97872340425532
45.56542056074766 83.68794326241135
45.59946595460614 82.26950354609929
45.633511348464616 82.97872340425532
45.66755674232309 81.56028368794327
45.70160213618158 82.26950354609929
45.735647530040055 80.85106382978724
45.76969292389853 81.56028368794327
45.80373831775701 80.1418439716312
45.83778371161549 80.85106382978724
45.871829105473964 79.43262411347519
45.90587449933244 80.85106382978724
45.93991989319092 78.72340425531915
45.973965287049396 80.1418439716312
46.00801068090787 81.56028368794327
46.04205607476635 83.68794326241135
46.076101468624834 85.1063829787234
46.11014686248331 86.52482269503547
46.14419225634179 88.65248226950355
46.178237650200266 90.0709219858156
46.21228304405874 91.48936170212767
46.24632843791722 93.61702127659575
46.2803738317757 95.0354609929078
46.314419225634175 97.16312056737588
46.34846461949265 98.58156028368795
46.38251001335113 100.0
46.416555407209614 102.12765957446808
46.45060080106809 103.54609929078015
46.48464619492657 104.9645390070922
46.518691588785046 107.09219858156028
46.55273698264352 108.51063829787235
46.586782376502 109.9290780141844
46.62082777036048 112.05673758865248
46.654873164218955 113.47517730496455
46.68891855807743 114.8936170212766
46.72296395193591 117.02127659574468
46.757009345794394 118.43971631205675
46.79105473965287 119.8581560283688
46.82510013351135 121.98581560283688
46.859145527369826 123.40425531914894
46.8931909212283 124.822695035461
46.92723631508678 126.95035460992908
46.96128170894526 128.36879432624113
46.995327102803735 129.7872340425532
47.02937249666221 123.40425531914894
47.06341789052069 126.24113475177306
47.097463284379174 119.8581560283688
47.13150867823765 121.98581560283688
47.16555407209613 115.60283687943263
47.199599465954606 118.43971631205675
47.23364485981308 111.34751773049646
47.26769025367156 114.18439716312056
47.30173564753004 107.80141843971631
47.335781041388515 109.9290780141844
47.36982643524699 103.54609929078015
47.40387182910547 106.38297872340426
47.437917222963954 99.29078014184398
47.47196261682243 102.12765957446808
47.50600801068091 95.74468085106383
47.540053404539385 97.87234042553192
47.57409879839786 91.48936170212767
47.60814419225634 94.32624113475178
47.64218958611482 87.23404255319149
47.676234979973295 90.0709219858156
47.71028037383177 83.68794326241135
47.74432576769025 85.81560283687944
47.77837116154873 79.43262411347519
47.81241655540721 82.26950354609929
47.84646194926569 75.177304964539
47.880507343124165 78.01418439716312
47.91455273698264 71.63120567375887
47.94859813084112 74.46808510638299
47.9826435246996 68.79432624113475
48.016688918558074 70.2127659574468
48.05073431241655 69.50354609929079
48.08477970627503 70.92198581560284
48.11882510013351 70.2127659574468
48.15287049399199 71.63120567375887
48.18691588785047 70.92198581560284
48.220961281708945 72.3404255319149
48.25500667556742 73.04964539007092
48.2890520694259 71.63120567375887
48.32309746328438 73.04964539007092
48.357142857142854 73.75886524822695
48.39118825100133 74.46808510638299
48.42523364485981 73.04964539007092
48.459279038718286 75.177304964539
48.49332443257677 73.75886524822695
48.52736982643525 75.88652482269504
48.561415220293725 74.46808510638299
48.5954606141522 76.59574468085107
48.62950600801068 75.177304964539
48.66355140186916 77.30496453900709
48.697596795727634 75.88652482269504
48.73164218958611 78.01418439716312
48.76568758344459 76.59574468085107
48.799732977303066 78.72340425531915
48.83377837116155 77.30496453900709
48.86782376502003 79.43262411347519
48.901869158878505 78.01418439716312
48.93591455273698 80.1418439716312
48.96995994659546 78.72340425531915
49.004005340453936 80.1418439716312
49.038050734312414 78.72340425531915
49.07209612817089 79.43262411347519
49.10614152202937 78.01418439716312
49.140186915887845 79.43262411347519
49.17423230974633 77.30496453900709
49.20827770360481 78.72340425531915
49.242323097463284 77.30496453900709
49.27636849132176 78.01418439716312
49.31041388518024 76.59574468085107
49.344459279038716 77.30496453900709
49.37850467289719 75.88652482269504
49.41255006675567 76.59574468085107
49.44659546061415 75.177304964539
49.480640854472625 75.88652482269504
49.51468624833111 74.46808510638299
49.54873164218959 75.88652482269504
49.582777036048064 73.75886524822695
49.61682242990654 75.177304964539
49.65086782376502 73.75886524822695
49.684913217623496 74.46808510638299
49.71895861148197 73.04964539007092
49.75300400534045 73.75886524822695
49.78704939919893 72.3404255319149
49.821094793057405 73.04964539007092
49.85514018691589 71.63120567375887
49.88918558077437 72.3404255319149
49.923230974632844 70.92198581560284
49.95727636849132 72.3404255319149
49.9913217623498 70.2127659574468
50.025367156208276 72.3404255319149
50.05941255006675 73.04964539007092
50.09345794392523 73.75886524822695
50.12750333778371 72.3404255319149
50.161548731642185 74.46808510638299
50.19559412550067 75.177304964539
50.22963951935915 73.75886524822695
50.263684913217624 75.88652482269504
50.2977303070761 76.59574468085107
50.33177570093458 77.30496453900709
50.365821094793056 75.88652482269504
50.39986648865153 78.01418439716312
50.43391188251001 78.72340425531915
50.46795727636849 79.43262411347519
50.502002670226965 78.01418439716312
50.53604806408545 80.1418439716312
50.570093457943926 80.85106382978724
50.604138851802404 81.56028368794327
50.63818424566088 80.1418439716312
50.67222963951936 82.26950354609929
50.706275033377835 82.97872340425532
50.74032042723631 81.56028368794327
50.77436582109479 83.68794326241135
50.80841121495327 84.39716312056738
50.842456608811744 85.1063829787234
50.87650200267022 83.68794326241135
50.910547396528706 85.81560283687944
50.94459279038718 86.52482269503547
50.97863818424566 87.23404255319149
51.01268357810414 85.81560283687944
51.046728971962615 86.52482269503547
51.08077436582109 85.1063829787234
51.11481975967957 85.81560283687944
51.14886515353805 84.39716312056738
51.182910547396524 85.1063829787234
51.216955941255 83.68794326241135
51.251001335113486 84.39716312056738
51.28504672897196 82.97872340425532
51.31909212283044 83.68794326241135
51.35313751668892 81.56028368794327
51.387182910547395 82.97872340425532
51.42122830440587 80.85106382978724
51.45527369826435 82.26950354609929
51.48931909212283 80.1418439716312
51.523364485981304 80.85106382978724
51.55740987983978 79.43262411347519
51.591455273698266 80.1418439716312
51.62550066755674 78.72340425531915
51.65954606141522 79.43262411347519
51.6935914552737 78.01418439716312
51.727636849132175 78.72340425531915
51.76168224299065 77.30496453900709
51.79572763684913 78.01418439716312
51.82977303070761 76.59574468085107
51.863818424566084 77.30496453900709
51.89786381842456 75.88652482269504
51.931909212283045 76.59574468085107
